125
1 0.1 0.5 0.5 0.5 0 0 0
1 0.1 0.5 0.5 0.7 0 0 0
1 0.1 0.5 0.5 0.9 0 0 0
1 0.1 0.5 0.5 1.1 0 0 0
1 0.1 0.5 0.5 1.3 0 0 0
1 0.1 0.505 0.7 0.51 0 0 0
1 0.1 0.505 0.7 0.71 0 0 0
1 0.1 0.505 0.7 0.91 0 0 0
1 0.1 0.505 0.7 1.11 0 0 0
1 0.1 0.505 0.7 1.31 0 0 0
1 0.1 0.51 0.9 0.52 0 0 0
1 0.1 0.51 0.9 0.72 0 0 0
1 0.1 0.51 0.9 0.92 0 0 0
1 0.1 0.51 0.9 1.12 0 0 0
1 0.1 0.51 0.9 1.32 0 0 0
1 0.1 0.515 1.1 0.53 0 0 0
1 0.1 0.515 1.1 0.73 0 0 0
1 0.1 0.515 1.1 0.93 0 0 0
1 0.1 0.515 1.1 1.13 0 0 0
1 0.1 0.515 1.1 1.33 0 0 0
1 0.1 0.52 1.3 0.54 0 0 0
1 0.1 0.52 1.3 0.74 0 0 0
1 0.1 0.52 1.3 0.94 0 0 0
1 0.1 0.52 1.3 1.14 0 0 0
1 0.1 0.52 1.3 1.34 0 0 0
1 0.1 0.7 0.5 0.5 0 0 0
1 0.1 0.7 0.5 0.7 0 0 0
1 0.1 0.7 0.5 0.9 0 0 0
1 0.1 0.7 0.5 1.1 0 0 0
1 0.1 0.7 0.5 1.3 0 0 0
1 0.1 0.705 0.7 0.51 0 0 0
1 0.1 0.705 0.7 0.71 0 0 0
1 0.1 0.705 0.7 0.91 0 0 0
1 0.1 0.705 0.7 1.11 0 0 0
1 0.1 0.705 0.7 1.31 0 0 0
1 0.1 0.71 0.9 0.52 0 0 0
1 0.1 0.71 0.9 0.72 0 0 0
1 0.1 0.71 0.9 0.92 0 0 0
1 0.1 0.71 0.9 1.12 0 0 0
1 0.1 0.71 0.9 1.32 0 0 0
1 0.1 0.715 1.1 0.53 0 0 0
1 0.1 0.715 1.1 0.73 0 0 0
1 0.1 0.715 1.1 0.93 0 0 0
1 0.1 0.715 1.1 1.13 0 0 0
1 0.1 0.715 1.1 1.33 0 0 0
1 0.1 0.72 1.3 0.54 0 0 0
1 0.1 0.72 1.3 0.74 0 0 0
1 0.1 0.72 1.3 0.94 0 0 0
1 0.1 0.72 1.3 1.14 0 0 0
1 0.1 0.72 1.3 1.34 0 0 0
1 0.1 0.9 0.5 0.5 0 0 0
1 0.1 0.9 0.5 0.7 0 0 0
1 0.1 0.9 0.5 0.9 0 0 0
1 0.1 0.9 0.5 1.1 0 0 0
1 0.1 0.9 0.5 1.3 0 0 0
1 0.1 0.905 0.7 0.51 0 0 0
1 0.1 0.905 0.7 0.71 0 0 0
1 0.1 0.905 0.7 0.91 0 0 0
1 0.1 0.905 0.7 1.11 0 0 0
1 0.1 0.905 0.7 1.31 0 0 0
1 0.1 0.91 0.9 0.52 0 0 0
1 0.1 0.91 0.9 0.72 0 0 0
1 0.1 0.91 0.9 0.92 0 0 0
1 0.1 0.91 0.9 1.12 0 0 0
1 0.1 0.91 0.9 1.32 0 0 0
1 0.1 0.915 1.1 0.53 0 0 0
1 0.1 0.915 1.1 0.73 0 0 0
1 0.1 0.915 1.1 0.93 0 0 0
1 0.1 0.915 1.1 1.13 0 0 0
1 0.1 0.915 1.1 1.33 0 0 0
1 0.1 0.92 1.3 0.54 0 0 0
1 0.1 0.92 1.3 0.74 0 0 0
1 0.1 0.92 1.3 0.94 0 0 0
1 0.1 0.92 1.3 1.14 0 0 0
1 0.1 0.92 1.3 1.34 0 0 0
1 0.1 1.1 0.5 0.5 0 0 0
1 0.1 1.1 0.5 0.7 0 0 0
1 0.1 1.1 0.5 0.9 0 0 0
1 0.1 1.1 0.5 1.1 0 0 0
1 0.1 1.1 0.5 1.3 0 0 0
1 0.1 1.105 0.7 0.51 0 0 0
1 0.1 1.105 0.7 0.71 0 0 0
1 0.1 1.105 0.7 0.91 0 0 0
1 0.1 1.105 0.7 1.11 0 0 0
1 0.1 1.105 0.7 1.31 0 0 0
1 0.1 1.11 0.9 0.52 0 0 0
1 0.1 1.11 0.9 0.72 0 0 0
1 0.1 1.11 0.9 0.92 0 0 0
1 0.1 1.11 0.9 1.12 0 0 0
1 0.1 1.11 0.9 1.32 0 0 0
1 0.1 1.115 1.1 0.53 0 0 0
1 0.1 1.115 1.1 0.73 0 0 0
1 0.1 1.115 1.1 0.93 0 0 0
1 0.1 1.115 1.1 1.13 0 0 0
1 0.1 1.115 1.1 1.33 0 0 0
1 0.1 1.12 1.3 0.54 0 0 0
1 0.1 1.12 1.3 0.74 0 0 0
1 0.1 1.12 1.3 0.94 0 0 0
1 0.1 1.12 1.3 1.14 0 0 0
1 0.1 1.12 1.3 1.34 0 0 0
1 0.1 1.3 0.5 0.5 0 0 0
1 0.1 1.3 0.5 0.7 0 0 0
1 0.1 1.3 0.5 0.9 0 0 0
1 0.1 1.3 0.5 1.1 0 0 0
1 0.1 1.3 0.5 1.3 0 0 0
1 0.1 1.305 0.7 0.51 0 0 0
1 0.1 1.305 0.7 0.71 0 0 0
1 0.1 1.305 0.7 0.91 0 0 0
1 0.1 1.305 0.7 1.11 0 0 0
1 0.1 1.305 0.7 1.31 0 0 0
1 0.1 1.31 0.9 0.52 0 0 0
1 0.1 1.31 0.9 0.72 0 0 0
1 0.1 1.31 0.9 0.92 0 0 0
1 0.1 1.31 0.9 1.12 0 0 0
1 0.1 1.31 0.9 1.32 0 0 0
1 0.1 1.315 1.1 0.53 0 0 0
1 0.1 1.315 1.1 0.73 0 0 0
1 0.1 1.315 1.1 0.93 0 0 0
1 0.1 1.315 1.1 1.13 0 0 0
1 0.1 1.315 1.1 1.33 0 0 0
1 0.1 1.32 1.3 0.54 0 0 0
1 0.1 1.32 1.3 0.74 0 0 0
1 0.1 1.32 1.3 0.94 0 0 0
1 0.1 1.32 1.3 1.14 0 0 0
1 0.1 1.32 1.3 1.34 0 0 0
