375
1 0.1 0.3 0.5 0.3 0 0 0
1 0.1 0.3 0.5 0.5 0 0 0
1 0.1 0.3 0.5 0.7 0 0 0
1 0.1 0.3 0.5 0.9 0 0 0
1 0.1 0.3 0.5 1.1 0 0 0
1 0.1 0.305 0.7 0.31 0 0 0
1 0.1 0.305 0.7 0.51 0 0 0
1 0.1 0.305 0.7 0.71 0 0 0
1 0.1 0.305 0.7 0.91 0 0 0
1 0.1 0.305 0.7 1.11 0 0 0
1 0.1 0.31 0.9 0.32 0 0 0
1 0.1 0.31 0.9 0.52 0 0 0
1 0.1 0.31 0.9 0.72 0 0 0
1 0.1 0.31 0.9 0.92 0 0 0
1 0.1 0.31 0.9 1.12 0 0 0
1 0.1 0.315 1.1 0.33 0 0 0
1 0.1 0.315 1.1 0.53 0 0 0
1 0.1 0.315 1.1 0.73 0 0 0
1 0.1 0.315 1.1 0.93 0 0 0
1 0.1 0.315 1.1 1.13 0 0 0
1 0.1 0.32 1.3 0.34 0 0 0
1 0.1 0.32 1.3 0.54 0 0 0
1 0.1 0.32 1.3 0.74 0 0 0
1 0.1 0.32 1.3 0.94 0 0 0
1 0.1 0.32 1.3 1.14 0 0 0
1 0.1 0.325 1.5 0.35 0 0 0
1 0.1 0.325 1.5 0.55 0 0 0
1 0.1 0.325 1.5 0.75 0 0 0
1 0.1 0.325 1.5 0.95 0 0 0
1 0.1 0.325 1.5 1.15 0 0 0
1 0.1 0.33 1.7 0.36 0 0 0
1 0.1 0.33 1.7 0.56 0 0 0
1 0.1 0.33 1.7 0.76 0 0 0
1 0.1 0.33 1.7 0.96 0 0 0
1 0.1 0.33 1.7 1.16 0 0 0
1 0.1 0.335 1.9 0.37 0 0 0
1 0.1 0.335 1.9 0.57 0 0 0
1 0.1 0.335 1.9 0.77 0 0 0
1 0.1 0.335 1.9 0.97 0 0 0
1 0.1 0.335 1.9 1.17 0 0 0
1 0.1 0.34 2.1 0.38 0 0 0
1 0.1 0.34 2.1 0.58 0 0 0
1 0.1 0.34 2.1 0.78 0 0 0
1 0.1 0.34 2.1 0.98 0 0 0
1 0.1 0.34 2.1 1.18 0 0 0
1 0.1 0.345 2.3 0.39 0 0 0
1 0.1 0.345 2.3 0.59 0 0 0
1 0.1 0.345 2.3 0.79 0 0 0
1 0.1 0.345 2.3 0.99 0 0 0
1 0.1 0.345 2.3 1.19 0 0 0
1 0.1 0.35 2.5 0.4 0 0 0
1 0.1 0.35 2.5 0.6 0 0 0
1 0.1 0.35 2.5 0.8 0 0 0
1 0.1 0.35 2.5 1 0 0 0
1 0.1 0.35 2.5 1.2 0 0 0
1 0.1 0.355 2.7 0.41 0 0 0
1 0.1 0.355 2.7 0.61 0 0 0
1 0.1 0.355 2.7 0.81 0 0 0
1 0.1 0.355 2.7 1.01 0 0 0
1 0.1 0.355 2.7 1.21 0 0 0
1 0.1 0.36 2.9 0.42 0 0 0
1 0.1 0.36 2.9 0.62 0 0 0
1 0.1 0.36 2.9 0.82 0 0 0
1 0.1 0.36 2.9 1.02 0 0 0
1 0.1 0.36 2.9 1.22 0 0 0
1 0.1 0.365 3.1 0.43 0 0 0
1 0.1 0.365 3.1 0.63 0 0 0
1 0.1 0.365 3.1 0.83 0 0 0
1 0.1 0.365 3.1 1.03 0 0 0
1 0.1 0.365 3.1 1.23 0 0 0
1 0.1 0.37 3.3 0.44 0 0 0
1 0.1 0.37 3.3 0.64 0 0 0
1 0.1 0.37 3.3 0.84 0 0 0
1 0.1 0.37 3.3 1.04 0 0 0
1 0.1 0.37 3.3 1.24 0 0 0
1 0.1 0.5 0.5 0.3 0 0 0
1 0.1 0.5 0.5 0.5 0 0 0
1 0.1 0.5 0.5 0.7 0 0 0
1 0.1 0.5 0.5 0.9 0 0 0
1 0.1 0.5 0.5 1.1 0 0 0
1 0.1 0.505 0.7 0.31 0 0 0
1 0.1 0.505 0.7 0.51 0 0 0
1 0.1 0.505 0.7 0.71 0 0 0
1 0.1 0.505 0.7 0.91 0 0 0
1 0.1 0.505 0.7 1.11 0 0 0
1 0.1 0.51 0.9 0.32 0 0 0
1 0.1 0.51 0.9 0.52 0 0 0
1 0.1 0.51 0.9 0.72 0 0 0
1 0.1 0.51 0.9 0.92 0 0 0
1 0.1 0.51 0.9 1.12 0 0 0
1 0.1 0.515 1.1 0.33 0 0 0
1 0.1 0.515 1.1 0.53 0 0 0
1 0.1 0.515 1.1 0.73 0 0 0
1 0.1 0.515 1.1 0.93 0 0 0
1 0.1 0.515 1.1 1.13 0 0 0
1 0.1 0.52 1.3 0.34 0 0 0
1 0.1 0.52 1.3 0.54 0 0 0
1 0.1 0.52 1.3 0.74 0 0 0
1 0.1 0.52 1.3 0.94 0 0 0
1 0.1 0.52 1.3 1.14 0 0 0
1 0.1 0.525 1.5 0.35 0 0 0
1 0.1 0.525 1.5 0.55 0 0 0
1 0.1 0.525 1.5 0.75 0 0 0
1 0.1 0.525 1.5 0.95 0 0 0
1 0.1 0.525 1.5 1.15 0 0 0
1 0.1 0.53 1.7 0.36 0 0 0
1 0.1 0.53 1.7 0.56 0 0 0
1 0.1 0.53 1.7 0.76 0 0 0
1 0.1 0.53 1.7 0.96 0 0 0
1 0.1 0.53 1.7 1.16 0 0 0
1 0.1 0.535 1.9 0.37 0 0 0
1 0.1 0.535 1.9 0.57 0 0 0
1 0.1 0.535 1.9 0.77 0 0 0
1 0.1 0.535 1.9 0.97 0 0 0
1 0.1 0.535 1.9 1.17 0 0 0
1 0.1 0.54 2.1 0.38 0 0 0
1 0.1 0.54 2.1 0.58 0 0 0
1 0.1 0.54 2.1 0.78 0 0 0
1 0.1 0.54 2.1 0.98 0 0 0
1 0.1 0.54 2.1 1.18 0 0 0
1 0.1 0.545 2.3 0.39 0 0 0
1 0.1 0.545 2.3 0.59 0 0 0
1 0.1 0.545 2.3 0.79 0 0 0
1 0.1 0.545 2.3 0.99 0 0 0
1 0.1 0.545 2.3 1.19 0 0 0
1 0.1 0.55 2.5 0.4 0 0 0
1 0.1 0.55 2.5 0.6 0 0 0
1 0.1 0.55 2.5 0.8 0 0 0
1 0.1 0.55 2.5 1 0 0 0
1 0.1 0.55 2.5 1.2 0 0 0
1 0.1 0.555 2.7 0.41 0 0 0
1 0.1 0.555 2.7 0.61 0 0 0
1 0.1 0.555 2.7 0.81 0 0 0
1 0.1 0.555 2.7 1.01 0 0 0
1 0.1 0.555 2.7 1.21 0 0 0
1 0.1 0.56 2.9 0.42 0 0 0
1 0.1 0.56 2.9 0.62 0 0 0
1 0.1 0.56 2.9 0.82 0 0 0
1 0.1 0.56 2.9 1.02 0 0 0
1 0.1 0.56 2.9 1.22 0 0 0
1 0.1 0.565 3.1 0.43 0 0 0
1 0.1 0.565 3.1 0.63 0 0 0
1 0.1 0.565 3.1 0.83 0 0 0
1 0.1 0.565 3.1 1.03 0 0 0
1 0.1 0.565 3.1 1.23 0 0 0
1 0.1 0.57 3.3 0.44 0 0 0
1 0.1 0.57 3.3 0.64 0 0 0
1 0.1 0.57 3.3 0.84 0 0 0
1 0.1 0.57 3.3 1.04 0 0 0
1 0.1 0.57 3.3 1.24 0 0 0
1 0.1 0.7 0.5 0.3 0 0 0
1 0.1 0.7 0.5 0.5 0 0 0
1 0.1 0.7 0.5 0.7 0 0 0
1 0.1 0.7 0.5 0.9 0 0 0
1 0.1 0.7 0.5 1.1 0 0 0
1 0.1 0.705 0.7 0.31 0 0 0
1 0.1 0.705 0.7 0.51 0 0 0
1 0.1 0.705 0.7 0.71 0 0 0
1 0.1 0.705 0.7 0.91 0 0 0
1 0.1 0.705 0.7 1.11 0 0 0
1 0.1 0.71 0.9 0.32 0 0 0
1 0.1 0.71 0.9 0.52 0 0 0
1 0.1 0.71 0.9 0.72 0 0 0
1 0.1 0.71 0.9 0.92 0 0 0
1 0.1 0.71 0.9 1.12 0 0 0
1 0.1 0.715 1.1 0.33 0 0 0
1 0.1 0.715 1.1 0.53 0 0 0
1 0.1 0.715 1.1 0.73 0 0 0
1 0.1 0.715 1.1 0.93 0 0 0
1 0.1 0.715 1.1 1.13 0 0 0
1 0.1 0.72 1.3 0.34 0 0 0
1 0.1 0.72 1.3 0.54 0 0 0
1 0.1 0.72 1.3 0.74 0 0 0
1 0.1 0.72 1.3 0.94 0 0 0
1 0.1 0.72 1.3 1.14 0 0 0
1 0.1 0.725 1.5 0.35 0 0 0
1 0.1 0.725 1.5 0.55 0 0 0
1 0.1 0.725 1.5 0.75 0 0 0
1 0.1 0.725 1.5 0.95 0 0 0
1 0.1 0.725 1.5 1.15 0 0 0
1 0.1 0.73 1.7 0.36 0 0 0
1 0.1 0.73 1.7 0.56 0 0 0
1 0.1 0.73 1.7 0.76 0 0 0
1 0.1 0.73 1.7 0.96 0 0 0
1 0.1 0.73 1.7 1.16 0 0 0
1 0.1 0.735 1.9 0.37 0 0 0
1 0.1 0.735 1.9 0.57 0 0 0
1 0.1 0.735 1.9 0.77 0 0 0
1 0.1 0.735 1.9 0.97 0 0 0
1 0.1 0.735 1.9 1.17 0 0 0
1 0.1 0.74 2.1 0.38 0 0 0
1 0.1 0.74 2.1 0.58 0 0 0
1 0.1 0.74 2.1 0.78 0 0 0
1 0.1 0.74 2.1 0.98 0 0 0
1 0.1 0.74 2.1 1.18 0 0 0
1 0.1 0.745 2.3 0.39 0 0 0
1 0.1 0.745 2.3 0.59 0 0 0
1 0.1 0.745 2.3 0.79 0 0 0
1 0.1 0.745 2.3 0.99 0 0 0
1 0.1 0.745 2.3 1.19 0 0 0
1 0.1 0.75 2.5 0.4 0 0 0
1 0.1 0.75 2.5 0.6 0 0 0
1 0.1 0.75 2.5 0.8 0 0 0
1 0.1 0.75 2.5 1 0 0 0
1 0.1 0.75 2.5 1.2 0 0 0
1 0.1 0.755 2.7 0.41 0 0 0
1 0.1 0.755 2.7 0.61 0 0 0
1 0.1 0.755 2.7 0.81 0 0 0
1 0.1 0.755 2.7 1.01 0 0 0
1 0.1 0.755 2.7 1.21 0 0 0
1 0.1 0.76 2.9 0.42 0 0 0
1 0.1 0.76 2.9 0.62 0 0 0
1 0.1 0.76 2.9 0.82 0 0 0
1 0.1 0.76 2.9 1.02 0 0 0
1 0.1 0.76 2.9 1.22 0 0 0
1 0.1 0.765 3.1 0.43 0 0 0
1 0.1 0.765 3.1 0.63 0 0 0
1 0.1 0.765 3.1 0.83 0 0 0
1 0.1 0.765 3.1 1.03 0 0 0
1 0.1 0.765 3.1 1.23 0 0 0
1 0.1 0.77 3.3 0.44 0 0 0
1 0.1 0.77 3.3 0.64 0 0 0
1 0.1 0.77 3.3 0.84 0 0 0
1 0.1 0.77 3.3 1.04 0 0 0
1 0.1 0.77 3.3 1.24 0 0 0
1 0.1 0.9 0.5 0.3 0 0 0
1 0.1 0.9 0.5 0.5 0 0 0
1 0.1 0.9 0.5 0.7 0 0 0
1 0.1 0.9 0.5 0.9 0 0 0
1 0.1 0.9 0.5 1.1 0 0 0
1 0.1 0.905 0.7 0.31 0 0 0
1 0.1 0.905 0.7 0.51 0 0 0
1 0.1 0.905 0.7 0.71 0 0 0
1 0.1 0.905 0.7 0.91 0 0 0
1 0.1 0.905 0.7 1.11 0 0 0
1 0.1 0.91 0.9 0.32 0 0 0
1 0.1 0.91 0.9 0.52 0 0 0
1 0.1 0.91 0.9 0.72 0 0 0
1 0.1 0.91 0.9 0.92 0 0 0
1 0.1 0.91 0.9 1.12 0 0 0
1 0.1 0.915 1.1 0.33 0 0 0
1 0.1 0.915 1.1 0.53 0 0 0
1 0.1 0.915 1.1 0.73 0 0 0
1 0.1 0.915 1.1 0.93 0 0 0
1 0.1 0.915 1.1 1.13 0 0 0
1 0.1 0.92 1.3 0.34 0 0 0
1 0.1 0.92 1.3 0.54 0 0 0
1 0.1 0.92 1.3 0.74 0 0 0
1 0.1 0.92 1.3 0.94 0 0 0
1 0.1 0.92 1.3 1.14 0 0 0
1 0.1 0.925 1.5 0.35 0 0 0
1 0.1 0.925 1.5 0.55 0 0 0
1 0.1 0.925 1.5 0.75 0 0 0
1 0.1 0.925 1.5 0.95 0 0 0
1 0.1 0.925 1.5 1.15 0 0 0
1 0.1 0.93 1.7 0.36 0 0 0
1 0.1 0.93 1.7 0.56 0 0 0
1 0.1 0.93 1.7 0.76 0 0 0
1 0.1 0.93 1.7 0.96 0 0 0
1 0.1 0.93 1.7 1.16 0 0 0
1 0.1 0.935 1.9 0.37 0 0 0
1 0.1 0.935 1.9 0.57 0 0 0
1 0.1 0.935 1.9 0.77 0 0 0
1 0.1 0.935 1.9 0.97 0 0 0
1 0.1 0.935 1.9 1.17 0 0 0
1 0.1 0.94 2.1 0.38 0 0 0
1 0.1 0.94 2.1 0.58 0 0 0
1 0.1 0.94 2.1 0.78 0 0 0
1 0.1 0.94 2.1 0.98 0 0 0
1 0.1 0.94 2.1 1.18 0 0 0
1 0.1 0.945 2.3 0.39 0 0 0
1 0.1 0.945 2.3 0.59 0 0 0
1 0.1 0.945 2.3 0.79 0 0 0
1 0.1 0.945 2.3 0.99 0 0 0
1 0.1 0.945 2.3 1.19 0 0 0
1 0.1 0.95 2.5 0.4 0 0 0
1 0.1 0.95 2.5 0.6 0 0 0
1 0.1 0.95 2.5 0.8 0 0 0
1 0.1 0.95 2.5 1 0 0 0
1 0.1 0.95 2.5 1.2 0 0 0
1 0.1 0.955 2.7 0.41 0 0 0
1 0.1 0.955 2.7 0.61 0 0 0
1 0.1 0.955 2.7 0.81 0 0 0
1 0.1 0.955 2.7 1.01 0 0 0
1 0.1 0.955 2.7 1.21 0 0 0
1 0.1 0.96 2.9 0.42 0 0 0
1 0.1 0.96 2.9 0.62 0 0 0
1 0.1 0.96 2.9 0.82 0 0 0
1 0.1 0.96 2.9 1.02 0 0 0
1 0.1 0.96 2.9 1.22 0 0 0
1 0.1 0.965 3.1 0.43 0 0 0
1 0.1 0.965 3.1 0.63 0 0 0
1 0.1 0.965 3.1 0.83 0 0 0
1 0.1 0.965 3.1 1.03 0 0 0
1 0.1 0.965 3.1 1.23 0 0 0
1 0.1 0.97 3.3 0.44 0 0 0
1 0.1 0.97 3.3 0.64 0 0 0
1 0.1 0.97 3.3 0.84 0 0 0
1 0.1 0.97 3.3 1.04 0 0 0
1 0.1 0.97 3.3 1.24 0 0 0
1 0.1 1.1 0.5 0.3 0 0 0
1 0.1 1.1 0.5 0.5 0 0 0
1 0.1 1.1 0.5 0.7 0 0 0
1 0.1 1.1 0.5 0.9 0 0 0
1 0.1 1.1 0.5 1.1 0 0 0
1 0.1 1.105 0.7 0.31 0 0 0
1 0.1 1.105 0.7 0.51 0 0 0
1 0.1 1.105 0.7 0.71 0 0 0
1 0.1 1.105 0.7 0.91 0 0 0
1 0.1 1.105 0.7 1.11 0 0 0
1 0.1 1.11 0.9 0.32 0 0 0
1 0.1 1.11 0.9 0.52 0 0 0
1 0.1 1.11 0.9 0.72 0 0 0
1 0.1 1.11 0.9 0.92 0 0 0
1 0.1 1.11 0.9 1.12 0 0 0
1 0.1 1.115 1.1 0.33 0 0 0
1 0.1 1.115 1.1 0.53 0 0 0
1 0.1 1.115 1.1 0.73 0 0 0
1 0.1 1.115 1.1 0.93 0 0 0
1 0.1 1.115 1.1 1.13 0 0 0
1 0.1 1.12 1.3 0.34 0 0 0
1 0.1 1.12 1.3 0.54 0 0 0
1 0.1 1.12 1.3 0.74 0 0 0
1 0.1 1.12 1.3 0.94 0 0 0
1 0.1 1.12 1.3 1.14 0 0 0
1 0.1 1.125 1.5 0.35 0 0 0
1 0.1 1.125 1.5 0.55 0 0 0
1 0.1 1.125 1.5 0.75 0 0 0
1 0.1 1.125 1.5 0.95 0 0 0
1 0.1 1.125 1.5 1.15 0 0 0
1 0.1 1.13 1.7 0.36 0 0 0
1 0.1 1.13 1.7 0.56 0 0 0
1 0.1 1.13 1.7 0.76 0 0 0
1 0.1 1.13 1.7 0.96 0 0 0
1 0.1 1.13 1.7 1.16 0 0 0
1 0.1 1.135 1.9 0.37 0 0 0
1 0.1 1.135 1.9 0.57 0 0 0
1 0.1 1.135 1.9 0.77 0 0 0
1 0.1 1.135 1.9 0.97 0 0 0
1 0.1 1.135 1.9 1.17 0 0 0
1 0.1 1.14 2.1 0.38 0 0 0
1 0.1 1.14 2.1 0.58 0 0 0
1 0.1 1.14 2.1 0.78 0 0 0
1 0.1 1.14 2.1 0.98 0 0 0
1 0.1 1.14 2.1 1.18 0 0 0
1 0.1 1.145 2.3 0.39 0 0 0
1 0.1 1.145 2.3 0.59 0 0 0
1 0.1 1.145 2.3 0.79 0 0 0
1 0.1 1.145 2.3 0.99 0 0 0
1 0.1 1.145 2.3 1.19 0 0 0
1 0.1 1.15 2.5 0.4 0 0 0
1 0.1 1.15 2.5 0.6 0 0 0
1 0.1 1.15 2.5 0.8 0 0 0
1 0.1 1.15 2.5 1 0 0 0
1 0.1 1.15 2.5 1.2 0 0 0
1 0.1 1.155 2.7 0.41 0 0 0
1 0.1 1.155 2.7 0.61 0 0 0
1 0.1 1.155 2.7 0.81 0 0 0
1 0.1 1.155 2.7 1.01 0 0 0
1 0.1 1.155 2.7 1.21 0 0 0
1 0.1 1.16 2.9 0.42 0 0 0
1 0.1 1.16 2.9 0.62 0 0 0
1 0.1 1.16 2.9 0.82 0 0 0
1 0.1 1.16 2.9 1.02 0 0 0
1 0.1 1.16 2.9 1.22 0 0 0
1 0.1 1.165 3.1 0.43 0 0 0
1 0.1 1.165 3.1 0.63 0 0 0
1 0.1 1.165 3.1 0.83 0 0 0
1 0.1 1.165 3.1 1.03 0 0 0
1 0.1 1.165 3.1 1.23 0 0 0
1 0.1 1.17 3.3 0.44 0 0 0
1 0.1 1.17 3.3 0.64 0 0 0
1 0.1 1.17 3.3 0.84 0 0 0
1 0.1 1.17 3.3 1.04 0 0 0
1 0.1 1.17 3.3 1.24 0 0 0
