0.100050 0.100000 0.000000 2  0
0.100200 0.100000 0.000000 2  1
0.100443 0.100000 0.000000 2  2
0.100770 0.100000 0.000000 2  3
0.101177 0.100000 0.000000 2  4
0.101658 0.100000 0.000000 2  5
0.102212 0.100000 0.000000 2  6
0.102836 0.100000 0.000000 2  7
0.103530 0.100000 0.000000 2  8
0.104293 0.100000 0.000000 2  9
0.105126 0.100000 0.000000 2  10
0.106030 0.100000 0.000000 2  11
0.107008 0.100000 0.000000 2  12
0.108062 0.100000 0.000000 2  13
0.109195 0.100000 0.000000 2  14
0.110411 0.100000 0.000000 2  15
0.890800 0.450000 0.000000 1  33
0.893828 0.450000 0.000000 1  34
0.896575 0.450000 0.000000 1  35
0.899100 0.450000 0.000000 1  36
1.002749 0.450000 0.000000 1  64
1.016429 0.450000 0.000000 1  65
1.038435 0.450000 0.000000 1  66
1.068142 0.450000 0.000000 1  67
1.105045 0.450000 0.000000 1  68
1.907352 0.450000 0.000000 1  86
1.956411 0.450000 0.000000 1  87
2.009409 0.450000 0.000000 1  88
2.076500 0.450000 0.000000 1  89
2.890506 0.450000 0.000000 1  99
2.982182 0.450000 0.000000 1  100
3.084103 0.450000 0.000000 1  101
3.941479 0.450000 0.000000 1  108
4.080503 0.450000 0.000000 1  109
4.080503 0.450000 0.000000 1  109
4.246472 0.445500 0.000000 1  110
4.912000 0.410220 0.000000 1  114
5.100104 0.401550 0.000000 1  115
5.100104 0.401550 0.000000 1  115
5.320866 0.389714 0.000000 1  116
5.542136 0.373801 0.000000 1  117
5.763894 0.354013 0.000000 1  118
5.986119 0.330551 0.000000 1  119
0.898050 0.550000 0.000000 0  120
6.235106 0.309754 0.000000 1  120
6.484562 0.285268 0.000000 1  121
6.734506 0.256899 0.000000 1  122
6.984929 0.224742 0.000000 1  123
6.984929 0.224742 0.000000 1  123
7.269656 0.192241 0.000000 1  124
7.554867 0.155896 0.000000 1  125
7.840578 0.115552 0.000000 1  126
8.126790 0.071198 0.000000 1  127
0.890362 0.100000 0.000000 2  128
8.413507 0.022791 0.000000 1  128
1.000025 0.550000 0.000000 0  129
8.700738 -0.029750 0.000000 1  129
1.019687 0.550000 0.000000 0  130
8.988494 -0.086541 0.000000 1  130
8.988494 -0.086541 0.000000 1  130
1.047077 0.550000 0.000000 0  131
9.326925 -0.142718 0.000000 1  131
1.081685 0.550000 0.000000 0  132
9.665978 -0.193673 0.000000 1  132
10.005573 -0.240208 0.000000 1  133
12.030666 -0.440324 0.000000 1  138
1.007469 0.100000 0.000000 2  138
1.027593 0.100000 0.000000 2  139
1.055479 0.100000 0.000000 2  140
1.090619 0.100000 0.000000 2  141
18.331876 -0.858197 0.000000 1  151
1.929185 0.550000 0.000000 0  152
18.817721 -0.894709 0.000000 1  152
1.976575 0.550000 0.000000 0  153
2.028294 0.550000 0.000000 0  154
2.094441 0.550000 0.000000 0  155
1.905626 0.100000 0.000000 2  160
1.953203 0.100000 0.000000 2  161
2.004843 0.100000 0.000000 2  162
2.070671 0.100000 0.000000 2  163
2.901921 0.550000 0.000000 0  165
2.993123 0.550000 0.000000 0  166
3.094737 0.550000 0.000000 0  167
27.100063 -1.592150 0.000000 1  169
27.100063 -1.592150 0.000000 1  169
27.810448 -1.621874 0.000000 1  170
3.950978 0.550000 0.000000 0  174
2.953544 0.100000 0.000000 2  174
4.089951 0.550000 0.000000 0  175
3.044869 0.100000 0.000000 2  175
4.089951 0.550000 0.000000 0  175
32.081863 -1.870307 0.000000 1  176
4.255974 0.546500 0.000000 0  176
33.042724 -1.886852 0.000000 1  177
4.422257 0.539640 0.000000 0  177
4.588821 0.529694 0.000000 0  178
4.755677 0.516886 0.000000 0  179
4.922836 0.501384 0.000000 0  180
4.922836 0.501384 0.000000 0  180
36.663237 -1.862753 0.000000 1  180
5.111840 0.483693 0.000000 0  181
39.081098 -1.883548 0.000000 1  182
5.300879 0.471498 0.000000 0  182
3.945828 0.100000 0.000000 2  183
5.489968 0.464512 0.000000 0  183
42.037195 -1.850560 0.000000 1  184
4.076064 0.100000 0.000000 2  184
5.679106 0.462131 0.000000 0  184
5.868292 0.463839 0.000000 0  185
6.057523 0.469219 0.000000 0  186
45.536827 -1.763259 0.000000 1  186
49.041057 -1.717953 0.000000 1  188
51.107522 -1.663880 0.000000 1  189
5.025183 0.100000 0.000000 2  190
63.037063 -1.233943 0.000000 1  194
63.037063 -1.233943 0.000000 1  194
5.985931 0.100000 0.000000 2  195
9.055134 0.581221 0.000000 0  199
7.097326 0.100000 0.000000 2  200
the launch timed out and was terminated
