1149
1 0.1 0.5 1.7 0.5 0 0 0
1 0.1 0.5 1.7 0.7 0 0 0
1 0.1 0.5 1.7 0.9 0 0 0
1 0.1 0.5 1.7 1.1 0 0 0
1 0.1 0.5 1.7 1.3 0 0 0
1 0.1 0.5 1.9 0.5 0 0 0
1 0.1 0.5 1.9 0.7 0 0 0
1 0.1 0.5 1.9 0.9 0 0 0
1 0.1 0.5 1.9 1.1 0 0 0
1 0.1 0.5 1.9 1.3 0 0 0
1 0.1 0.5 2.1 0.5 0 0 0
1 0.1 0.5 2.1 0.7 0 0 0
1 0.1 0.5 2.1 0.9 0 0 0
1 0.1 0.5 2.1 1.1 0 0 0
1 0.1 0.5 2.1 1.3 0 0 0
1 0.1 0.5 2.3 0.5 0 0 0
1 0.1 0.5 2.3 0.7 0 0 0
1 0.1 0.5 2.3 0.9 0 0 0
1 0.1 0.5 2.3 1.1 0 0 0
1 0.1 0.5 2.3 1.3 0 0 0
1 0.1 0.5 2.5 0.5 0 0 0
1 0.1 0.5 2.5 0.7 0 0 0
1 0.1 0.5 2.5 0.9 0 0 0
1 0.1 0.5 2.5 1.1 0 0 0
1 0.1 0.5 2.5 1.3 0 0 0
1 0.1 0.7 1.7 0.5 0 0 0
1 0.1 0.7 1.7 0.7 0 0 0
1 0.1 0.7 1.7 0.9 0 0 0
1 0.1 0.7 1.7 1.1 0 0 0
1 0.1 0.7 1.7 1.3 0 0 0
1 0.1 0.7 1.9 0.5 0 0 0
1 0.1 0.7 1.9 0.7 0 0 0
1 0.1 0.7 1.9 0.9 0 0 0
1 0.1 0.7 1.9 1.1 0 0 0
1 0.1 0.7 1.9 1.3 0 0 0
1 0.1 0.7 2.1 0.5 0 0 0
1 0.1 0.7 2.1 0.7 0 0 0
1 0.1 0.7 2.1 0.9 0 0 0
1 0.1 0.7 2.1 1.1 0 0 0
1 0.1 0.7 2.1 1.3 0 0 0
1 0.1 0.7 2.3 0.5 0 0 0
1 0.1 0.7 2.3 0.7 0 0 0
1 0.1 0.7 2.3 0.9 0 0 0
1 0.1 0.7 2.3 1.1 0 0 0
1 0.1 0.7 2.3 1.3 0 0 0
1 0.1 0.7 2.5 0.5 0 0 0
1 0.1 0.7 2.5 0.7 0 0 0
1 0.1 0.7 2.5 0.9 0 0 0
1 0.1 0.7 2.5 1.1 0 0 0
1 0.1 0.7 2.5 1.3 0 0 0
1 0.1 0.9 1.7 0.5 0 0 0
1 0.1 0.9 1.7 0.7 0 0 0
1 0.1 0.9 1.7 0.9 0 0 0
1 0.1 0.9 1.7 1.1 0 0 0
1 0.1 0.9 1.7 1.3 0 0 0
1 0.1 0.9 1.9 0.5 0 0 0
1 0.1 0.9 1.9 0.7 0 0 0
1 0.1 0.9 1.9 0.9 0 0 0
1 0.1 0.9 1.9 1.1 0 0 0
1 0.1 0.9 1.9 1.3 0 0 0
1 0.1 0.9 2.1 0.5 0 0 0
1 0.1 0.9 2.1 0.7 0 0 0
1 0.1 0.9 2.1 0.9 0 0 0
1 0.1 0.9 2.1 1.1 0 0 0
1 0.1 0.9 2.1 1.3 0 0 0
1 0.1 0.9 2.3 0.5 0 0 0
1 0.1 0.9 2.3 0.7 0 0 0
1 0.1 0.9 2.3 0.9 0 0 0
1 0.1 0.9 2.3 1.1 0 0 0
1 0.1 0.9 2.3 1.3 0 0 0
1 0.1 0.9 2.5 0.5 0 0 0
1 0.1 0.9 2.5 0.7 0 0 0
1 0.1 0.9 2.5 0.9 0 0 0
1 0.1 0.9 2.5 1.1 0 0 0
1 0.1 0.9 2.5 1.3 0 0 0
1 0.1 1.1 1.7 0.5 0 0 0
1 0.1 1.1 1.7 0.7 0 0 0
1 0.1 1.1 1.7 0.9 0 0 0
1 0.1 1.1 1.7 1.1 0 0 0
1 0.1 1.1 1.7 1.3 0 0 0
1 0.1 1.1 1.9 0.5 0 0 0
1 0.1 1.1 1.9 0.7 0 0 0
1 0.1 1.1 1.9 0.9 0 0 0
1 0.1 1.1 1.9 1.1 0 0 0
1 0.1 1.1 1.9 1.3 0 0 0
1 0.1 1.1 2.1 0.5 0 0 0
1 0.1 1.1 2.1 0.7 0 0 0
1 0.1 1.1 2.1 0.9 0 0 0
1 0.1 1.1 2.1 1.1 0 0 0
1 0.1 1.1 2.1 1.3 0 0 0
1 0.1 1.1 2.3 0.5 0 0 0
1 0.1 1.1 2.3 0.7 0 0 0
1 0.1 1.1 2.3 0.9 0 0 0
1 0.1 1.1 2.3 1.1 0 0 0
1 0.1 1.1 2.3 1.3 0 0 0
1 0.1 1.1 2.5 0.5 0 0 0
1 0.1 1.1 2.5 0.7 0 0 0
1 0.1 1.1 2.5 0.9 0 0 0
1 0.1 1.1 2.5 1.1 0 0 0
1 0.1 1.1 2.5 1.3 0 0 0
1 0.1 1.3 1.7 0.5 0 0 0
1 0.1 1.3 1.7 0.7 0 0 0
1 0.1 1.3 1.7 0.9 0 0 0
1 0.1 1.3 1.7 1.1 0 0 0
1 0.1 1.3 1.7 1.3 0 0 0
1 0.1 1.3 1.9 0.5 0 0 0
1 0.1 1.3 1.9 0.7 0 0 0
1 0.1 1.3 1.9 0.9 0 0 0
1 0.1 1.3 1.9 1.1 0 0 0
1 0.1 1.3 1.9 1.3 0 0 0
1 0.1 1.3 2.1 0.5 0 0 0
1 0.1 1.3 2.1 0.7 0 0 0
1 0.1 1.3 2.1 0.9 0 0 0
1 0.1 1.3 2.1 1.1 0 0 0
1 0.1 1.3 2.1 1.3 0 0 0
1 0.1 1.3 2.3 0.5 0 0 0
1 0.1 1.3 2.3 0.7 0 0 0
1 0.1 1.3 2.3 0.9 0 0 0
1 0.1 1.3 2.3 1.1 0 0 0
1 0.1 1.3 2.3 1.3 0 0 0
1 0.1 1.3 2.5 0.5 0 0 0
1 0.1 1.3 2.5 0.7 0 0 0
1 0.1 1.3 2.5 0.9 0 0 0
1 0.1 1.3 2.5 1.1 0 0 0
1 0.1 1.3 2.5 1.3 0 0 0
inf 0.03 1 1.1 1.3 0 0 0
inf 0.03 1 1.1 1.26129 0 0 0
inf 0.03 1 1.1 1.22258 0 0 0
inf 0.03 1 1.1 1.18387 0 0 0
inf 0.03 1 1.1 1.14516 0 0 0
inf 0.03 1 1.1 1.10645 0 0 0
inf 0.03 1 1.1 1.06774 0 0 0
inf 0.03 1 1.1 1.02903 0 0 0
inf 0.03 1 1.1 0.990323 0 0 0
inf 0.03 1 1.1 0.951613 0 0 0
inf 0.03 1 1.1 0.912903 0 0 0
inf 0.03 1 1.1 0.874194 0 0 0
inf 0.03 1 1.1 0.835484 0 0 0
inf 0.03 1 1.1 0.796774 0 0 0
inf 0.03 1 1.1 0.758065 0 0 0
inf 0.03 1 1.1 0.719355 0 0 0
inf 0.03 1 1.1 0.680645 0 0 0
inf 0.03 1 1.1 0.641935 0 0 0
inf 0.03 1 1.1 0.603226 0 0 0
inf 0.03 1 1.1 0.564516 0 0 0
inf 0.03 1 1.1 0.525806 0 0 0
inf 0.03 1 1.1 0.487097 0 0 0
inf 0.03 1 1.1 0.448387 0 0 0
inf 0.03 1 1.1 0.409677 0 0 0
inf 0.03 1 1.1 0.370968 0 0 0
inf 0.03 1 1.1 0.332258 0 0 0
inf 0.03 1 1.1 0.293548 0 0 0
inf 0.03 1 1.1 0.254839 0 0 0
inf 0.03 1 1.1 0.216129 0 0 0
inf 0.03 1 1.1 0.177419 0 0 0
inf 0.03 1 1.1 0.13871 0 0 0
inf 0.03 1 1.1 0.1 0 0 0
inf 0.03 0.970968 1.1129 1.3 0 0 0
inf 0.03 0.970968 1.1129 1.26129 0 0 0
inf 0.03 0.970968 1.1129 1.22258 0 0 0
inf 0.03 0.970968 1.1129 1.18387 0 0 0
inf 0.03 0.970968 1.1129 1.14516 0 0 0
inf 0.03 0.970968 1.1129 1.10645 0 0 0
inf 0.03 0.970968 1.1129 1.06774 0 0 0
inf 0.03 0.970968 1.1129 1.02903 0 0 0
inf 0.03 0.970968 1.1129 0.990323 0 0 0
inf 0.03 0.970968 1.1129 0.951613 0 0 0
inf 0.03 0.970968 1.1129 0.912903 0 0 0
inf 0.03 0.970968 1.1129 0.874194 0 0 0
inf 0.03 0.970968 1.1129 0.835484 0 0 0
inf 0.03 0.970968 1.1129 0.796774 0 0 0
inf 0.03 0.970968 1.1129 0.758065 0 0 0
inf 0.03 0.970968 1.1129 0.719355 0 0 0
inf 0.03 0.970968 1.1129 0.680645 0 0 0
inf 0.03 0.970968 1.1129 0.641935 0 0 0
inf 0.03 0.970968 1.1129 0.603226 0 0 0
inf 0.03 0.970968 1.1129 0.564516 0 0 0
inf 0.03 0.970968 1.1129 0.525806 0 0 0
inf 0.03 0.970968 1.1129 0.487097 0 0 0
inf 0.03 0.970968 1.1129 0.448387 0 0 0
inf 0.03 0.970968 1.1129 0.409677 0 0 0
inf 0.03 0.970968 1.1129 0.370968 0 0 0
inf 0.03 0.970968 1.1129 0.332258 0 0 0
inf 0.03 0.970968 1.1129 0.293548 0 0 0
inf 0.03 0.970968 1.1129 0.254839 0 0 0
inf 0.03 0.970968 1.1129 0.216129 0 0 0
inf 0.03 0.970968 1.1129 0.177419 0 0 0
inf 0.03 0.970968 1.1129 0.13871 0 0 0
inf 0.03 0.970968 1.1129 0.1 0 0 0
inf 0.03 0.941935 1.12581 1.3 0 0 0
inf 0.03 0.941935 1.12581 1.26129 0 0 0
inf 0.03 0.941935 1.12581 1.22258 0 0 0
inf 0.03 0.941935 1.12581 1.18387 0 0 0
inf 0.03 0.941935 1.12581 1.14516 0 0 0
inf 0.03 0.941935 1.12581 1.10645 0 0 0
inf 0.03 0.941935 1.12581 1.06774 0 0 0
inf 0.03 0.941935 1.12581 1.02903 0 0 0
inf 0.03 0.941935 1.12581 0.990323 0 0 0
inf 0.03 0.941935 1.12581 0.951613 0 0 0
inf 0.03 0.941935 1.12581 0.912903 0 0 0
inf 0.03 0.941935 1.12581 0.874194 0 0 0
inf 0.03 0.941935 1.12581 0.835484 0 0 0
inf 0.03 0.941935 1.12581 0.796774 0 0 0
inf 0.03 0.941935 1.12581 0.758065 0 0 0
inf 0.03 0.941935 1.12581 0.719355 0 0 0
inf 0.03 0.941935 1.12581 0.680645 0 0 0
inf 0.03 0.941935 1.12581 0.641935 0 0 0
inf 0.03 0.941935 1.12581 0.603226 0 0 0
inf 0.03 0.941935 1.12581 0.564516 0 0 0
inf 0.03 0.941935 1.12581 0.525806 0 0 0
inf 0.03 0.941935 1.12581 0.487097 0 0 0
inf 0.03 0.941935 1.12581 0.448387 0 0 0
inf 0.03 0.941935 1.12581 0.409677 0 0 0
inf 0.03 0.941935 1.12581 0.370968 0 0 0
inf 0.03 0.941935 1.12581 0.332258 0 0 0
inf 0.03 0.941935 1.12581 0.293548 0 0 0
inf 0.03 0.941935 1.12581 0.254839 0 0 0
inf 0.03 0.941935 1.12581 0.216129 0 0 0
inf 0.03 0.941935 1.12581 0.177419 0 0 0
inf 0.03 0.941935 1.12581 0.13871 0 0 0
inf 0.03 0.941935 1.12581 0.1 0 0 0
inf 0.03 0.912903 1.13871 1.3 0 0 0
inf 0.03 0.912903 1.13871 1.26129 0 0 0
inf 0.03 0.912903 1.13871 1.22258 0 0 0
inf 0.03 0.912903 1.13871 1.18387 0 0 0
inf 0.03 0.912903 1.13871 1.14516 0 0 0
inf 0.03 0.912903 1.13871 1.10645 0 0 0
inf 0.03 0.912903 1.13871 1.06774 0 0 0
inf 0.03 0.912903 1.13871 1.02903 0 0 0
inf 0.03 0.912903 1.13871 0.990323 0 0 0
inf 0.03 0.912903 1.13871 0.951613 0 0 0
inf 0.03 0.912903 1.13871 0.912903 0 0 0
inf 0.03 0.912903 1.13871 0.874194 0 0 0
inf 0.03 0.912903 1.13871 0.835484 0 0 0
inf 0.03 0.912903 1.13871 0.796774 0 0 0
inf 0.03 0.912903 1.13871 0.758065 0 0 0
inf 0.03 0.912903 1.13871 0.719355 0 0 0
inf 0.03 0.912903 1.13871 0.680645 0 0 0
inf 0.03 0.912903 1.13871 0.641935 0 0 0
inf 0.03 0.912903 1.13871 0.603226 0 0 0
inf 0.03 0.912903 1.13871 0.564516 0 0 0
inf 0.03 0.912903 1.13871 0.525806 0 0 0
inf 0.03 0.912903 1.13871 0.487097 0 0 0
inf 0.03 0.912903 1.13871 0.448387 0 0 0
inf 0.03 0.912903 1.13871 0.409677 0 0 0
inf 0.03 0.912903 1.13871 0.370968 0 0 0
inf 0.03 0.912903 1.13871 0.332258 0 0 0
inf 0.03 0.912903 1.13871 0.293548 0 0 0
inf 0.03 0.912903 1.13871 0.254839 0 0 0
inf 0.03 0.912903 1.13871 0.216129 0 0 0
inf 0.03 0.912903 1.13871 0.177419 0 0 0
inf 0.03 0.912903 1.13871 0.13871 0 0 0
inf 0.03 0.912903 1.13871 0.1 0 0 0
inf 0.03 0.883871 1.15161 1.3 0 0 0
inf 0.03 0.883871 1.15161 1.26129 0 0 0
inf 0.03 0.883871 1.15161 1.22258 0 0 0
inf 0.03 0.883871 1.15161 1.18387 0 0 0
inf 0.03 0.883871 1.15161 1.14516 0 0 0
inf 0.03 0.883871 1.15161 1.10645 0 0 0
inf 0.03 0.883871 1.15161 1.06774 0 0 0
inf 0.03 0.883871 1.15161 1.02903 0 0 0
inf 0.03 0.883871 1.15161 0.990323 0 0 0
inf 0.03 0.883871 1.15161 0.951613 0 0 0
inf 0.03 0.883871 1.15161 0.912903 0 0 0
inf 0.03 0.883871 1.15161 0.874194 0 0 0
inf 0.03 0.883871 1.15161 0.835484 0 0 0
inf 0.03 0.883871 1.15161 0.796774 0 0 0
inf 0.03 0.883871 1.15161 0.758065 0 0 0
inf 0.03 0.883871 1.15161 0.719355 0 0 0
inf 0.03 0.883871 1.15161 0.680645 0 0 0
inf 0.03 0.883871 1.15161 0.641935 0 0 0
inf 0.03 0.883871 1.15161 0.603226 0 0 0
inf 0.03 0.883871 1.15161 0.564516 0 0 0
inf 0.03 0.883871 1.15161 0.525806 0 0 0
inf 0.03 0.883871 1.15161 0.487097 0 0 0
inf 0.03 0.883871 1.15161 0.448387 0 0 0
inf 0.03 0.883871 1.15161 0.409677 0 0 0
inf 0.03 0.883871 1.15161 0.370968 0 0 0
inf 0.03 0.883871 1.15161 0.332258 0 0 0
inf 0.03 0.883871 1.15161 0.293548 0 0 0
inf 0.03 0.883871 1.15161 0.254839 0 0 0
inf 0.03 0.883871 1.15161 0.216129 0 0 0
inf 0.03 0.883871 1.15161 0.177419 0 0 0
inf 0.03 0.883871 1.15161 0.13871 0 0 0
inf 0.03 0.883871 1.15161 0.1 0 0 0
inf 0.03 0.854839 1.16452 1.3 0 0 0
inf 0.03 0.854839 1.16452 1.26129 0 0 0
inf 0.03 0.854839 1.16452 1.22258 0 0 0
inf 0.03 0.854839 1.16452 1.18387 0 0 0
inf 0.03 0.854839 1.16452 1.14516 0 0 0
inf 0.03 0.854839 1.16452 1.10645 0 0 0
inf 0.03 0.854839 1.16452 1.06774 0 0 0
inf 0.03 0.854839 1.16452 1.02903 0 0 0
inf 0.03 0.854839 1.16452 0.990323 0 0 0
inf 0.03 0.854839 1.16452 0.951613 0 0 0
inf 0.03 0.854839 1.16452 0.912903 0 0 0
inf 0.03 0.854839 1.16452 0.874194 0 0 0
inf 0.03 0.854839 1.16452 0.835484 0 0 0
inf 0.03 0.854839 1.16452 0.796774 0 0 0
inf 0.03 0.854839 1.16452 0.758065 0 0 0
inf 0.03 0.854839 1.16452 0.719355 0 0 0
inf 0.03 0.854839 1.16452 0.680645 0 0 0
inf 0.03 0.854839 1.16452 0.641935 0 0 0
inf 0.03 0.854839 1.16452 0.603226 0 0 0
inf 0.03 0.854839 1.16452 0.564516 0 0 0
inf 0.03 0.854839 1.16452 0.525806 0 0 0
inf 0.03 0.854839 1.16452 0.487097 0 0 0
inf 0.03 0.854839 1.16452 0.448387 0 0 0
inf 0.03 0.854839 1.16452 0.409677 0 0 0
inf 0.03 0.854839 1.16452 0.370968 0 0 0
inf 0.03 0.854839 1.16452 0.332258 0 0 0
inf 0.03 0.854839 1.16452 0.293548 0 0 0
inf 0.03 0.854839 1.16452 0.254839 0 0 0
inf 0.03 0.854839 1.16452 0.216129 0 0 0
inf 0.03 0.854839 1.16452 0.177419 0 0 0
inf 0.03 0.854839 1.16452 0.13871 0 0 0
inf 0.03 0.854839 1.16452 0.1 0 0 0
inf 0.03 0.825806 1.17742 1.3 0 0 0
inf 0.03 0.825806 1.17742 1.26129 0 0 0
inf 0.03 0.825806 1.17742 1.22258 0 0 0
inf 0.03 0.825806 1.17742 1.18387 0 0 0
inf 0.03 0.825806 1.17742 1.14516 0 0 0
inf 0.03 0.825806 1.17742 1.10645 0 0 0
inf 0.03 0.825806 1.17742 1.06774 0 0 0
inf 0.03 0.825806 1.17742 1.02903 0 0 0
inf 0.03 0.825806 1.17742 0.990323 0 0 0
inf 0.03 0.825806 1.17742 0.951613 0 0 0
inf 0.03 0.825806 1.17742 0.912903 0 0 0
inf 0.03 0.825806 1.17742 0.874194 0 0 0
inf 0.03 0.825806 1.17742 0.835484 0 0 0
inf 0.03 0.825806 1.17742 0.796774 0 0 0
inf 0.03 0.825806 1.17742 0.758065 0 0 0
inf 0.03 0.825806 1.17742 0.719355 0 0 0
inf 0.03 0.825806 1.17742 0.680645 0 0 0
inf 0.03 0.825806 1.17742 0.641935 0 0 0
inf 0.03 0.825806 1.17742 0.603226 0 0 0
inf 0.03 0.825806 1.17742 0.564516 0 0 0
inf 0.03 0.825806 1.17742 0.525806 0 0 0
inf 0.03 0.825806 1.17742 0.487097 0 0 0
inf 0.03 0.825806 1.17742 0.448387 0 0 0
inf 0.03 0.825806 1.17742 0.409677 0 0 0
inf 0.03 0.825806 1.17742 0.370968 0 0 0
inf 0.03 0.825806 1.17742 0.332258 0 0 0
inf 0.03 0.825806 1.17742 0.293548 0 0 0
inf 0.03 0.825806 1.17742 0.254839 0 0 0
inf 0.03 0.825806 1.17742 0.216129 0 0 0
inf 0.03 0.825806 1.17742 0.177419 0 0 0
inf 0.03 0.825806 1.17742 0.13871 0 0 0
inf 0.03 0.825806 1.17742 0.1 0 0 0
inf 0.03 0.796774 1.19032 1.3 0 0 0
inf 0.03 0.796774 1.19032 1.26129 0 0 0
inf 0.03 0.796774 1.19032 1.22258 0 0 0
inf 0.03 0.796774 1.19032 1.18387 0 0 0
inf 0.03 0.796774 1.19032 1.14516 0 0 0
inf 0.03 0.796774 1.19032 1.10645 0 0 0
inf 0.03 0.796774 1.19032 1.06774 0 0 0
inf 0.03 0.796774 1.19032 1.02903 0 0 0
inf 0.03 0.796774 1.19032 0.990323 0 0 0
inf 0.03 0.796774 1.19032 0.951613 0 0 0
inf 0.03 0.796774 1.19032 0.912903 0 0 0
inf 0.03 0.796774 1.19032 0.874194 0 0 0
inf 0.03 0.796774 1.19032 0.835484 0 0 0
inf 0.03 0.796774 1.19032 0.796774 0 0 0
inf 0.03 0.796774 1.19032 0.758065 0 0 0
inf 0.03 0.796774 1.19032 0.719355 0 0 0
inf 0.03 0.796774 1.19032 0.680645 0 0 0
inf 0.03 0.796774 1.19032 0.641935 0 0 0
inf 0.03 0.796774 1.19032 0.603226 0 0 0
inf 0.03 0.796774 1.19032 0.564516 0 0 0
inf 0.03 0.796774 1.19032 0.525806 0 0 0
inf 0.03 0.796774 1.19032 0.487097 0 0 0
inf 0.03 0.796774 1.19032 0.448387 0 0 0
inf 0.03 0.796774 1.19032 0.409677 0 0 0
inf 0.03 0.796774 1.19032 0.370968 0 0 0
inf 0.03 0.796774 1.19032 0.332258 0 0 0
inf 0.03 0.796774 1.19032 0.293548 0 0 0
inf 0.03 0.796774 1.19032 0.254839 0 0 0
inf 0.03 0.796774 1.19032 0.216129 0 0 0
inf 0.03 0.796774 1.19032 0.177419 0 0 0
inf 0.03 0.796774 1.19032 0.13871 0 0 0
inf 0.03 0.796774 1.19032 0.1 0 0 0
inf 0.03 0.767742 1.20323 1.3 0 0 0
inf 0.03 0.767742 1.20323 1.26129 0 0 0
inf 0.03 0.767742 1.20323 1.22258 0 0 0
inf 0.03 0.767742 1.20323 1.18387 0 0 0
inf 0.03 0.767742 1.20323 1.14516 0 0 0
inf 0.03 0.767742 1.20323 1.10645 0 0 0
inf 0.03 0.767742 1.20323 1.06774 0 0 0
inf 0.03 0.767742 1.20323 1.02903 0 0 0
inf 0.03 0.767742 1.20323 0.990323 0 0 0
inf 0.03 0.767742 1.20323 0.951613 0 0 0
inf 0.03 0.767742 1.20323 0.912903 0 0 0
inf 0.03 0.767742 1.20323 0.874194 0 0 0
inf 0.03 0.767742 1.20323 0.835484 0 0 0
inf 0.03 0.767742 1.20323 0.796774 0 0 0
inf 0.03 0.767742 1.20323 0.758065 0 0 0
inf 0.03 0.767742 1.20323 0.719355 0 0 0
inf 0.03 0.767742 1.20323 0.680645 0 0 0
inf 0.03 0.767742 1.20323 0.641935 0 0 0
inf 0.03 0.767742 1.20323 0.603226 0 0 0
inf 0.03 0.767742 1.20323 0.564516 0 0 0
inf 0.03 0.767742 1.20323 0.525806 0 0 0
inf 0.03 0.767742 1.20323 0.487097 0 0 0
inf 0.03 0.767742 1.20323 0.448387 0 0 0
inf 0.03 0.767742 1.20323 0.409677 0 0 0
inf 0.03 0.767742 1.20323 0.370968 0 0 0
inf 0.03 0.767742 1.20323 0.332258 0 0 0
inf 0.03 0.767742 1.20323 0.293548 0 0 0
inf 0.03 0.767742 1.20323 0.254839 0 0 0
inf 0.03 0.767742 1.20323 0.216129 0 0 0
inf 0.03 0.767742 1.20323 0.177419 0 0 0
inf 0.03 0.767742 1.20323 0.13871 0 0 0
inf 0.03 0.767742 1.20323 0.1 0 0 0
inf 0.03 0.73871 1.21613 1.3 0 0 0
inf 0.03 0.73871 1.21613 1.26129 0 0 0
inf 0.03 0.73871 1.21613 1.22258 0 0 0
inf 0.03 0.73871 1.21613 1.18387 0 0 0
inf 0.03 0.73871 1.21613 1.14516 0 0 0
inf 0.03 0.73871 1.21613 1.10645 0 0 0
inf 0.03 0.73871 1.21613 1.06774 0 0 0
inf 0.03 0.73871 1.21613 1.02903 0 0 0
inf 0.03 0.73871 1.21613 0.990323 0 0 0
inf 0.03 0.73871 1.21613 0.951613 0 0 0
inf 0.03 0.73871 1.21613 0.912903 0 0 0
inf 0.03 0.73871 1.21613 0.874194 0 0 0
inf 0.03 0.73871 1.21613 0.835484 0 0 0
inf 0.03 0.73871 1.21613 0.796774 0 0 0
inf 0.03 0.73871 1.21613 0.758065 0 0 0
inf 0.03 0.73871 1.21613 0.719355 0 0 0
inf 0.03 0.73871 1.21613 0.680645 0 0 0
inf 0.03 0.73871 1.21613 0.641935 0 0 0
inf 0.03 0.73871 1.21613 0.603226 0 0 0
inf 0.03 0.73871 1.21613 0.564516 0 0 0
inf 0.03 0.73871 1.21613 0.525806 0 0 0
inf 0.03 0.73871 1.21613 0.487097 0 0 0
inf 0.03 0.73871 1.21613 0.448387 0 0 0
inf 0.03 0.73871 1.21613 0.409677 0 0 0
inf 0.03 0.73871 1.21613 0.370968 0 0 0
inf 0.03 0.73871 1.21613 0.332258 0 0 0
inf 0.03 0.73871 1.21613 0.293548 0 0 0
inf 0.03 0.73871 1.21613 0.254839 0 0 0
inf 0.03 0.73871 1.21613 0.216129 0 0 0
inf 0.03 0.73871 1.21613 0.177419 0 0 0
inf 0.03 0.73871 1.21613 0.13871 0 0 0
inf 0.03 0.73871 1.21613 0.1 0 0 0
inf 0.03 0.709677 1.22903 1.3 0 0 0
inf 0.03 0.709677 1.22903 1.26129 0 0 0
inf 0.03 0.709677 1.22903 1.22258 0 0 0
inf 0.03 0.709677 1.22903 1.18387 0 0 0
inf 0.03 0.709677 1.22903 1.14516 0 0 0
inf 0.03 0.709677 1.22903 1.10645 0 0 0
inf 0.03 0.709677 1.22903 1.06774 0 0 0
inf 0.03 0.709677 1.22903 1.02903 0 0 0
inf 0.03 0.709677 1.22903 0.990323 0 0 0
inf 0.03 0.709677 1.22903 0.951613 0 0 0
inf 0.03 0.709677 1.22903 0.912903 0 0 0
inf 0.03 0.709677 1.22903 0.874194 0 0 0
inf 0.03 0.709677 1.22903 0.835484 0 0 0
inf 0.03 0.709677 1.22903 0.796774 0 0 0
inf 0.03 0.709677 1.22903 0.758065 0 0 0
inf 0.03 0.709677 1.22903 0.719355 0 0 0
inf 0.03 0.709677 1.22903 0.680645 0 0 0
inf 0.03 0.709677 1.22903 0.641935 0 0 0
inf 0.03 0.709677 1.22903 0.603226 0 0 0
inf 0.03 0.709677 1.22903 0.564516 0 0 0
inf 0.03 0.709677 1.22903 0.525806 0 0 0
inf 0.03 0.709677 1.22903 0.487097 0 0 0
inf 0.03 0.709677 1.22903 0.448387 0 0 0
inf 0.03 0.709677 1.22903 0.409677 0 0 0
inf 0.03 0.709677 1.22903 0.370968 0 0 0
inf 0.03 0.709677 1.22903 0.332258 0 0 0
inf 0.03 0.709677 1.22903 0.293548 0 0 0
inf 0.03 0.709677 1.22903 0.254839 0 0 0
inf 0.03 0.709677 1.22903 0.216129 0 0 0
inf 0.03 0.709677 1.22903 0.177419 0 0 0
inf 0.03 0.709677 1.22903 0.13871 0 0 0
inf 0.03 0.709677 1.22903 0.1 0 0 0
inf 0.03 0.680645 1.24194 1.3 0 0 0
inf 0.03 0.680645 1.24194 1.26129 0 0 0
inf 0.03 0.680645 1.24194 1.22258 0 0 0
inf 0.03 0.680645 1.24194 1.18387 0 0 0
inf 0.03 0.680645 1.24194 1.14516 0 0 0
inf 0.03 0.680645 1.24194 1.10645 0 0 0
inf 0.03 0.680645 1.24194 1.06774 0 0 0
inf 0.03 0.680645 1.24194 1.02903 0 0 0
inf 0.03 0.680645 1.24194 0.990323 0 0 0
inf 0.03 0.680645 1.24194 0.951613 0 0 0
inf 0.03 0.680645 1.24194 0.912903 0 0 0
inf 0.03 0.680645 1.24194 0.874194 0 0 0
inf 0.03 0.680645 1.24194 0.835484 0 0 0
inf 0.03 0.680645 1.24194 0.796774 0 0 0
inf 0.03 0.680645 1.24194 0.758065 0 0 0
inf 0.03 0.680645 1.24194 0.719355 0 0 0
inf 0.03 0.680645 1.24194 0.680645 0 0 0
inf 0.03 0.680645 1.24194 0.641935 0 0 0
inf 0.03 0.680645 1.24194 0.603226 0 0 0
inf 0.03 0.680645 1.24194 0.564516 0 0 0
inf 0.03 0.680645 1.24194 0.525806 0 0 0
inf 0.03 0.680645 1.24194 0.487097 0 0 0
inf 0.03 0.680645 1.24194 0.448387 0 0 0
inf 0.03 0.680645 1.24194 0.409677 0 0 0
inf 0.03 0.680645 1.24194 0.370968 0 0 0
inf 0.03 0.680645 1.24194 0.332258 0 0 0
inf 0.03 0.680645 1.24194 0.293548 0 0 0
inf 0.03 0.680645 1.24194 0.254839 0 0 0
inf 0.03 0.680645 1.24194 0.216129 0 0 0
inf 0.03 0.680645 1.24194 0.177419 0 0 0
inf 0.03 0.680645 1.24194 0.13871 0 0 0
inf 0.03 0.680645 1.24194 0.1 0 0 0
inf 0.03 0.651613 1.25484 1.3 0 0 0
inf 0.03 0.651613 1.25484 1.26129 0 0 0
inf 0.03 0.651613 1.25484 1.22258 0 0 0
inf 0.03 0.651613 1.25484 1.18387 0 0 0
inf 0.03 0.651613 1.25484 1.14516 0 0 0
inf 0.03 0.651613 1.25484 1.10645 0 0 0
inf 0.03 0.651613 1.25484 1.06774 0 0 0
inf 0.03 0.651613 1.25484 1.02903 0 0 0
inf 0.03 0.651613 1.25484 0.990323 0 0 0
inf 0.03 0.651613 1.25484 0.951613 0 0 0
inf 0.03 0.651613 1.25484 0.912903 0 0 0
inf 0.03 0.651613 1.25484 0.874194 0 0 0
inf 0.03 0.651613 1.25484 0.835484 0 0 0
inf 0.03 0.651613 1.25484 0.796774 0 0 0
inf 0.03 0.651613 1.25484 0.758065 0 0 0
inf 0.03 0.651613 1.25484 0.719355 0 0 0
inf 0.03 0.651613 1.25484 0.680645 0 0 0
inf 0.03 0.651613 1.25484 0.641935 0 0 0
inf 0.03 0.651613 1.25484 0.603226 0 0 0
inf 0.03 0.651613 1.25484 0.564516 0 0 0
inf 0.03 0.651613 1.25484 0.525806 0 0 0
inf 0.03 0.651613 1.25484 0.487097 0 0 0
inf 0.03 0.651613 1.25484 0.448387 0 0 0
inf 0.03 0.651613 1.25484 0.409677 0 0 0
inf 0.03 0.651613 1.25484 0.370968 0 0 0
inf 0.03 0.651613 1.25484 0.332258 0 0 0
inf 0.03 0.651613 1.25484 0.293548 0 0 0
inf 0.03 0.651613 1.25484 0.254839 0 0 0
inf 0.03 0.651613 1.25484 0.216129 0 0 0
inf 0.03 0.651613 1.25484 0.177419 0 0 0
inf 0.03 0.651613 1.25484 0.13871 0 0 0
inf 0.03 0.651613 1.25484 0.1 0 0 0
inf 0.03 0.622581 1.26774 1.3 0 0 0
inf 0.03 0.622581 1.26774 1.26129 0 0 0
inf 0.03 0.622581 1.26774 1.22258 0 0 0
inf 0.03 0.622581 1.26774 1.18387 0 0 0
inf 0.03 0.622581 1.26774 1.14516 0 0 0
inf 0.03 0.622581 1.26774 1.10645 0 0 0
inf 0.03 0.622581 1.26774 1.06774 0 0 0
inf 0.03 0.622581 1.26774 1.02903 0 0 0
inf 0.03 0.622581 1.26774 0.990323 0 0 0
inf 0.03 0.622581 1.26774 0.951613 0 0 0
inf 0.03 0.622581 1.26774 0.912903 0 0 0
inf 0.03 0.622581 1.26774 0.874194 0 0 0
inf 0.03 0.622581 1.26774 0.835484 0 0 0
inf 0.03 0.622581 1.26774 0.796774 0 0 0
inf 0.03 0.622581 1.26774 0.758065 0 0 0
inf 0.03 0.622581 1.26774 0.719355 0 0 0
inf 0.03 0.622581 1.26774 0.680645 0 0 0
inf 0.03 0.622581 1.26774 0.641935 0 0 0
inf 0.03 0.622581 1.26774 0.603226 0 0 0
inf 0.03 0.622581 1.26774 0.564516 0 0 0
inf 0.03 0.622581 1.26774 0.525806 0 0 0
inf 0.03 0.622581 1.26774 0.487097 0 0 0
inf 0.03 0.622581 1.26774 0.448387 0 0 0
inf 0.03 0.622581 1.26774 0.409677 0 0 0
inf 0.03 0.622581 1.26774 0.370968 0 0 0
inf 0.03 0.622581 1.26774 0.332258 0 0 0
inf 0.03 0.622581 1.26774 0.293548 0 0 0
inf 0.03 0.622581 1.26774 0.254839 0 0 0
inf 0.03 0.622581 1.26774 0.216129 0 0 0
inf 0.03 0.622581 1.26774 0.177419 0 0 0
inf 0.03 0.622581 1.26774 0.13871 0 0 0
inf 0.03 0.622581 1.26774 0.1 0 0 0
inf 0.03 0.593548 1.28065 1.3 0 0 0
inf 0.03 0.593548 1.28065 1.26129 0 0 0
inf 0.03 0.593548 1.28065 1.22258 0 0 0
inf 0.03 0.593548 1.28065 1.18387 0 0 0
inf 0.03 0.593548 1.28065 1.14516 0 0 0
inf 0.03 0.593548 1.28065 1.10645 0 0 0
inf 0.03 0.593548 1.28065 1.06774 0 0 0
inf 0.03 0.593548 1.28065 1.02903 0 0 0
inf 0.03 0.593548 1.28065 0.990323 0 0 0
inf 0.03 0.593548 1.28065 0.951613 0 0 0
inf 0.03 0.593548 1.28065 0.912903 0 0 0
inf 0.03 0.593548 1.28065 0.874194 0 0 0
inf 0.03 0.593548 1.28065 0.835484 0 0 0
inf 0.03 0.593548 1.28065 0.796774 0 0 0
inf 0.03 0.593548 1.28065 0.758065 0 0 0
inf 0.03 0.593548 1.28065 0.719355 0 0 0
inf 0.03 0.593548 1.28065 0.680645 0 0 0
inf 0.03 0.593548 1.28065 0.641935 0 0 0
inf 0.03 0.593548 1.28065 0.603226 0 0 0
inf 0.03 0.593548 1.28065 0.564516 0 0 0
inf 0.03 0.593548 1.28065 0.525806 0 0 0
inf 0.03 0.593548 1.28065 0.487097 0 0 0
inf 0.03 0.593548 1.28065 0.448387 0 0 0
inf 0.03 0.593548 1.28065 0.409677 0 0 0
inf 0.03 0.593548 1.28065 0.370968 0 0 0
inf 0.03 0.593548 1.28065 0.332258 0 0 0
inf 0.03 0.593548 1.28065 0.293548 0 0 0
inf 0.03 0.593548 1.28065 0.254839 0 0 0
inf 0.03 0.593548 1.28065 0.216129 0 0 0
inf 0.03 0.593548 1.28065 0.177419 0 0 0
inf 0.03 0.593548 1.28065 0.13871 0 0 0
inf 0.03 0.593548 1.28065 0.1 0 0 0
inf 0.03 0.564516 1.29355 1.3 0 0 0
inf 0.03 0.564516 1.29355 1.26129 0 0 0
inf 0.03 0.564516 1.29355 1.22258 0 0 0
inf 0.03 0.564516 1.29355 1.18387 0 0 0
inf 0.03 0.564516 1.29355 1.14516 0 0 0
inf 0.03 0.564516 1.29355 1.10645 0 0 0
inf 0.03 0.564516 1.29355 1.06774 0 0 0
inf 0.03 0.564516 1.29355 1.02903 0 0 0
inf 0.03 0.564516 1.29355 0.990323 0 0 0
inf 0.03 0.564516 1.29355 0.951613 0 0 0
inf 0.03 0.564516 1.29355 0.912903 0 0 0
inf 0.03 0.564516 1.29355 0.874194 0 0 0
inf 0.03 0.564516 1.29355 0.835484 0 0 0
inf 0.03 0.564516 1.29355 0.796774 0 0 0
inf 0.03 0.564516 1.29355 0.758065 0 0 0
inf 0.03 0.564516 1.29355 0.719355 0 0 0
inf 0.03 0.564516 1.29355 0.680645 0 0 0
inf 0.03 0.564516 1.29355 0.641935 0 0 0
inf 0.03 0.564516 1.29355 0.603226 0 0 0
inf 0.03 0.564516 1.29355 0.564516 0 0 0
inf 0.03 0.564516 1.29355 0.525806 0 0 0
inf 0.03 0.564516 1.29355 0.487097 0 0 0
inf 0.03 0.564516 1.29355 0.448387 0 0 0
inf 0.03 0.564516 1.29355 0.409677 0 0 0
inf 0.03 0.564516 1.29355 0.370968 0 0 0
inf 0.03 0.564516 1.29355 0.332258 0 0 0
inf 0.03 0.564516 1.29355 0.293548 0 0 0
inf 0.03 0.564516 1.29355 0.254839 0 0 0
inf 0.03 0.564516 1.29355 0.216129 0 0 0
inf 0.03 0.564516 1.29355 0.177419 0 0 0
inf 0.03 0.564516 1.29355 0.13871 0 0 0
inf 0.03 0.564516 1.29355 0.1 0 0 0
inf 0.03 0.535484 1.30645 1.3 0 0 0
inf 0.03 0.535484 1.30645 1.26129 0 0 0
inf 0.03 0.535484 1.30645 1.22258 0 0 0
inf 0.03 0.535484 1.30645 1.18387 0 0 0
inf 0.03 0.535484 1.30645 1.14516 0 0 0
inf 0.03 0.535484 1.30645 1.10645 0 0 0
inf 0.03 0.535484 1.30645 1.06774 0 0 0
inf 0.03 0.535484 1.30645 1.02903 0 0 0
inf 0.03 0.535484 1.30645 0.990323 0 0 0
inf 0.03 0.535484 1.30645 0.951613 0 0 0
inf 0.03 0.535484 1.30645 0.912903 0 0 0
inf 0.03 0.535484 1.30645 0.874194 0 0 0
inf 0.03 0.535484 1.30645 0.835484 0 0 0
inf 0.03 0.535484 1.30645 0.796774 0 0 0
inf 0.03 0.535484 1.30645 0.758065 0 0 0
inf 0.03 0.535484 1.30645 0.719355 0 0 0
inf 0.03 0.535484 1.30645 0.680645 0 0 0
inf 0.03 0.535484 1.30645 0.641935 0 0 0
inf 0.03 0.535484 1.30645 0.603226 0 0 0
inf 0.03 0.535484 1.30645 0.564516 0 0 0
inf 0.03 0.535484 1.30645 0.525806 0 0 0
inf 0.03 0.535484 1.30645 0.487097 0 0 0
inf 0.03 0.535484 1.30645 0.448387 0 0 0
inf 0.03 0.535484 1.30645 0.409677 0 0 0
inf 0.03 0.535484 1.30645 0.370968 0 0 0
inf 0.03 0.535484 1.30645 0.332258 0 0 0
inf 0.03 0.535484 1.30645 0.293548 0 0 0
inf 0.03 0.535484 1.30645 0.254839 0 0 0
inf 0.03 0.535484 1.30645 0.216129 0 0 0
inf 0.03 0.535484 1.30645 0.177419 0 0 0
inf 0.03 0.535484 1.30645 0.13871 0 0 0
inf 0.03 0.535484 1.30645 0.1 0 0 0
inf 0.03 0.506452 1.31935 1.3 0 0 0
inf 0.03 0.506452 1.31935 1.26129 0 0 0
inf 0.03 0.506452 1.31935 1.22258 0 0 0
inf 0.03 0.506452 1.31935 1.18387 0 0 0
inf 0.03 0.506452 1.31935 1.14516 0 0 0
inf 0.03 0.506452 1.31935 1.10645 0 0 0
inf 0.03 0.506452 1.31935 1.06774 0 0 0
inf 0.03 0.506452 1.31935 1.02903 0 0 0
inf 0.03 0.506452 1.31935 0.990323 0 0 0
inf 0.03 0.506452 1.31935 0.951613 0 0 0
inf 0.03 0.506452 1.31935 0.912903 0 0 0
inf 0.03 0.506452 1.31935 0.874194 0 0 0
inf 0.03 0.506452 1.31935 0.835484 0 0 0
inf 0.03 0.506452 1.31935 0.796774 0 0 0
inf 0.03 0.506452 1.31935 0.758065 0 0 0
inf 0.03 0.506452 1.31935 0.719355 0 0 0
inf 0.03 0.506452 1.31935 0.680645 0 0 0
inf 0.03 0.506452 1.31935 0.641935 0 0 0
inf 0.03 0.506452 1.31935 0.603226 0 0 0
inf 0.03 0.506452 1.31935 0.564516 0 0 0
inf 0.03 0.506452 1.31935 0.525806 0 0 0
inf 0.03 0.506452 1.31935 0.487097 0 0 0
inf 0.03 0.506452 1.31935 0.448387 0 0 0
inf 0.03 0.506452 1.31935 0.409677 0 0 0
inf 0.03 0.506452 1.31935 0.370968 0 0 0
inf 0.03 0.506452 1.31935 0.332258 0 0 0
inf 0.03 0.506452 1.31935 0.293548 0 0 0
inf 0.03 0.506452 1.31935 0.254839 0 0 0
inf 0.03 0.506452 1.31935 0.216129 0 0 0
inf 0.03 0.506452 1.31935 0.177419 0 0 0
inf 0.03 0.506452 1.31935 0.13871 0 0 0
inf 0.03 0.506452 1.31935 0.1 0 0 0
inf 0.03 0.477419 1.33226 1.3 0 0 0
inf 0.03 0.477419 1.33226 1.26129 0 0 0
inf 0.03 0.477419 1.33226 1.22258 0 0 0
inf 0.03 0.477419 1.33226 1.18387 0 0 0
inf 0.03 0.477419 1.33226 1.14516 0 0 0
inf 0.03 0.477419 1.33226 1.10645 0 0 0
inf 0.03 0.477419 1.33226 1.06774 0 0 0
inf 0.03 0.477419 1.33226 1.02903 0 0 0
inf 0.03 0.477419 1.33226 0.990323 0 0 0
inf 0.03 0.477419 1.33226 0.951613 0 0 0
inf 0.03 0.477419 1.33226 0.912903 0 0 0
inf 0.03 0.477419 1.33226 0.874194 0 0 0
inf 0.03 0.477419 1.33226 0.835484 0 0 0
inf 0.03 0.477419 1.33226 0.796774 0 0 0
inf 0.03 0.477419 1.33226 0.758065 0 0 0
inf 0.03 0.477419 1.33226 0.719355 0 0 0
inf 0.03 0.477419 1.33226 0.680645 0 0 0
inf 0.03 0.477419 1.33226 0.641935 0 0 0
inf 0.03 0.477419 1.33226 0.603226 0 0 0
inf 0.03 0.477419 1.33226 0.564516 0 0 0
inf 0.03 0.477419 1.33226 0.525806 0 0 0
inf 0.03 0.477419 1.33226 0.487097 0 0 0
inf 0.03 0.477419 1.33226 0.448387 0 0 0
inf 0.03 0.477419 1.33226 0.409677 0 0 0
inf 0.03 0.477419 1.33226 0.370968 0 0 0
inf 0.03 0.477419 1.33226 0.332258 0 0 0
inf 0.03 0.477419 1.33226 0.293548 0 0 0
inf 0.03 0.477419 1.33226 0.254839 0 0 0
inf 0.03 0.477419 1.33226 0.216129 0 0 0
inf 0.03 0.477419 1.33226 0.177419 0 0 0
inf 0.03 0.477419 1.33226 0.13871 0 0 0
inf 0.03 0.477419 1.33226 0.1 0 0 0
inf 0.03 0.448387 1.34516 1.3 0 0 0
inf 0.03 0.448387 1.34516 1.26129 0 0 0
inf 0.03 0.448387 1.34516 1.22258 0 0 0
inf 0.03 0.448387 1.34516 1.18387 0 0 0
inf 0.03 0.448387 1.34516 1.14516 0 0 0
inf 0.03 0.448387 1.34516 1.10645 0 0 0
inf 0.03 0.448387 1.34516 1.06774 0 0 0
inf 0.03 0.448387 1.34516 1.02903 0 0 0
inf 0.03 0.448387 1.34516 0.990323 0 0 0
inf 0.03 0.448387 1.34516 0.951613 0 0 0
inf 0.03 0.448387 1.34516 0.912903 0 0 0
inf 0.03 0.448387 1.34516 0.874194 0 0 0
inf 0.03 0.448387 1.34516 0.835484 0 0 0
inf 0.03 0.448387 1.34516 0.796774 0 0 0
inf 0.03 0.448387 1.34516 0.758065 0 0 0
inf 0.03 0.448387 1.34516 0.719355 0 0 0
inf 0.03 0.448387 1.34516 0.680645 0 0 0
inf 0.03 0.448387 1.34516 0.641935 0 0 0
inf 0.03 0.448387 1.34516 0.603226 0 0 0
inf 0.03 0.448387 1.34516 0.564516 0 0 0
inf 0.03 0.448387 1.34516 0.525806 0 0 0
inf 0.03 0.448387 1.34516 0.487097 0 0 0
inf 0.03 0.448387 1.34516 0.448387 0 0 0
inf 0.03 0.448387 1.34516 0.409677 0 0 0
inf 0.03 0.448387 1.34516 0.370968 0 0 0
inf 0.03 0.448387 1.34516 0.332258 0 0 0
inf 0.03 0.448387 1.34516 0.293548 0 0 0
inf 0.03 0.448387 1.34516 0.254839 0 0 0
inf 0.03 0.448387 1.34516 0.216129 0 0 0
inf 0.03 0.448387 1.34516 0.177419 0 0 0
inf 0.03 0.448387 1.34516 0.13871 0 0 0
inf 0.03 0.448387 1.34516 0.1 0 0 0
inf 0.03 0.419355 1.35806 1.3 0 0 0
inf 0.03 0.419355 1.35806 1.26129 0 0 0
inf 0.03 0.419355 1.35806 1.22258 0 0 0
inf 0.03 0.419355 1.35806 1.18387 0 0 0
inf 0.03 0.419355 1.35806 1.14516 0 0 0
inf 0.03 0.419355 1.35806 1.10645 0 0 0
inf 0.03 0.419355 1.35806 1.06774 0 0 0
inf 0.03 0.419355 1.35806 1.02903 0 0 0
inf 0.03 0.419355 1.35806 0.990323 0 0 0
inf 0.03 0.419355 1.35806 0.951613 0 0 0
inf 0.03 0.419355 1.35806 0.912903 0 0 0
inf 0.03 0.419355 1.35806 0.874194 0 0 0
inf 0.03 0.419355 1.35806 0.835484 0 0 0
inf 0.03 0.419355 1.35806 0.796774 0 0 0
inf 0.03 0.419355 1.35806 0.758065 0 0 0
inf 0.03 0.419355 1.35806 0.719355 0 0 0
inf 0.03 0.419355 1.35806 0.680645 0 0 0
inf 0.03 0.419355 1.35806 0.641935 0 0 0
inf 0.03 0.419355 1.35806 0.603226 0 0 0
inf 0.03 0.419355 1.35806 0.564516 0 0 0
inf 0.03 0.419355 1.35806 0.525806 0 0 0
inf 0.03 0.419355 1.35806 0.487097 0 0 0
inf 0.03 0.419355 1.35806 0.448387 0 0 0
inf 0.03 0.419355 1.35806 0.409677 0 0 0
inf 0.03 0.419355 1.35806 0.370968 0 0 0
inf 0.03 0.419355 1.35806 0.332258 0 0 0
inf 0.03 0.419355 1.35806 0.293548 0 0 0
inf 0.03 0.419355 1.35806 0.254839 0 0 0
inf 0.03 0.419355 1.35806 0.216129 0 0 0
inf 0.03 0.419355 1.35806 0.177419 0 0 0
inf 0.03 0.419355 1.35806 0.13871 0 0 0
inf 0.03 0.419355 1.35806 0.1 0 0 0
inf 0.03 0.390323 1.37097 1.3 0 0 0
inf 0.03 0.390323 1.37097 1.26129 0 0 0
inf 0.03 0.390323 1.37097 1.22258 0 0 0
inf 0.03 0.390323 1.37097 1.18387 0 0 0
inf 0.03 0.390323 1.37097 1.14516 0 0 0
inf 0.03 0.390323 1.37097 1.10645 0 0 0
inf 0.03 0.390323 1.37097 1.06774 0 0 0
inf 0.03 0.390323 1.37097 1.02903 0 0 0
inf 0.03 0.390323 1.37097 0.990323 0 0 0
inf 0.03 0.390323 1.37097 0.951613 0 0 0
inf 0.03 0.390323 1.37097 0.912903 0 0 0
inf 0.03 0.390323 1.37097 0.874194 0 0 0
inf 0.03 0.390323 1.37097 0.835484 0 0 0
inf 0.03 0.390323 1.37097 0.796774 0 0 0
inf 0.03 0.390323 1.37097 0.758065 0 0 0
inf 0.03 0.390323 1.37097 0.719355 0 0 0
inf 0.03 0.390323 1.37097 0.680645 0 0 0
inf 0.03 0.390323 1.37097 0.641935 0 0 0
inf 0.03 0.390323 1.37097 0.603226 0 0 0
inf 0.03 0.390323 1.37097 0.564516 0 0 0
inf 0.03 0.390323 1.37097 0.525806 0 0 0
inf 0.03 0.390323 1.37097 0.487097 0 0 0
inf 0.03 0.390323 1.37097 0.448387 0 0 0
inf 0.03 0.390323 1.37097 0.409677 0 0 0
inf 0.03 0.390323 1.37097 0.370968 0 0 0
inf 0.03 0.390323 1.37097 0.332258 0 0 0
inf 0.03 0.390323 1.37097 0.293548 0 0 0
inf 0.03 0.390323 1.37097 0.254839 0 0 0
inf 0.03 0.390323 1.37097 0.216129 0 0 0
inf 0.03 0.390323 1.37097 0.177419 0 0 0
inf 0.03 0.390323 1.37097 0.13871 0 0 0
inf 0.03 0.390323 1.37097 0.1 0 0 0
inf 0.03 0.36129 1.38387 1.3 0 0 0
inf 0.03 0.36129 1.38387 1.26129 0 0 0
inf 0.03 0.36129 1.38387 1.22258 0 0 0
inf 0.03 0.36129 1.38387 1.18387 0 0 0
inf 0.03 0.36129 1.38387 1.14516 0 0 0
inf 0.03 0.36129 1.38387 1.10645 0 0 0
inf 0.03 0.36129 1.38387 1.06774 0 0 0
inf 0.03 0.36129 1.38387 1.02903 0 0 0
inf 0.03 0.36129 1.38387 0.990323 0 0 0
inf 0.03 0.36129 1.38387 0.951613 0 0 0
inf 0.03 0.36129 1.38387 0.912903 0 0 0
inf 0.03 0.36129 1.38387 0.874194 0 0 0
inf 0.03 0.36129 1.38387 0.835484 0 0 0
inf 0.03 0.36129 1.38387 0.796774 0 0 0
inf 0.03 0.36129 1.38387 0.758065 0 0 0
inf 0.03 0.36129 1.38387 0.719355 0 0 0
inf 0.03 0.36129 1.38387 0.680645 0 0 0
inf 0.03 0.36129 1.38387 0.641935 0 0 0
inf 0.03 0.36129 1.38387 0.603226 0 0 0
inf 0.03 0.36129 1.38387 0.564516 0 0 0
inf 0.03 0.36129 1.38387 0.525806 0 0 0
inf 0.03 0.36129 1.38387 0.487097 0 0 0
inf 0.03 0.36129 1.38387 0.448387 0 0 0
inf 0.03 0.36129 1.38387 0.409677 0 0 0
inf 0.03 0.36129 1.38387 0.370968 0 0 0
inf 0.03 0.36129 1.38387 0.332258 0 0 0
inf 0.03 0.36129 1.38387 0.293548 0 0 0
inf 0.03 0.36129 1.38387 0.254839 0 0 0
inf 0.03 0.36129 1.38387 0.216129 0 0 0
inf 0.03 0.36129 1.38387 0.177419 0 0 0
inf 0.03 0.36129 1.38387 0.13871 0 0 0
inf 0.03 0.36129 1.38387 0.1 0 0 0
inf 0.03 0.332258 1.39677 1.3 0 0 0
inf 0.03 0.332258 1.39677 1.26129 0 0 0
inf 0.03 0.332258 1.39677 1.22258 0 0 0
inf 0.03 0.332258 1.39677 1.18387 0 0 0
inf 0.03 0.332258 1.39677 1.14516 0 0 0
inf 0.03 0.332258 1.39677 1.10645 0 0 0
inf 0.03 0.332258 1.39677 1.06774 0 0 0
inf 0.03 0.332258 1.39677 1.02903 0 0 0
inf 0.03 0.332258 1.39677 0.990323 0 0 0
inf 0.03 0.332258 1.39677 0.951613 0 0 0
inf 0.03 0.332258 1.39677 0.912903 0 0 0
inf 0.03 0.332258 1.39677 0.874194 0 0 0
inf 0.03 0.332258 1.39677 0.835484 0 0 0
inf 0.03 0.332258 1.39677 0.796774 0 0 0
inf 0.03 0.332258 1.39677 0.758065 0 0 0
inf 0.03 0.332258 1.39677 0.719355 0 0 0
inf 0.03 0.332258 1.39677 0.680645 0 0 0
inf 0.03 0.332258 1.39677 0.641935 0 0 0
inf 0.03 0.332258 1.39677 0.603226 0 0 0
inf 0.03 0.332258 1.39677 0.564516 0 0 0
inf 0.03 0.332258 1.39677 0.525806 0 0 0
inf 0.03 0.332258 1.39677 0.487097 0 0 0
inf 0.03 0.332258 1.39677 0.448387 0 0 0
inf 0.03 0.332258 1.39677 0.409677 0 0 0
inf 0.03 0.332258 1.39677 0.370968 0 0 0
inf 0.03 0.332258 1.39677 0.332258 0 0 0
inf 0.03 0.332258 1.39677 0.293548 0 0 0
inf 0.03 0.332258 1.39677 0.254839 0 0 0
inf 0.03 0.332258 1.39677 0.216129 0 0 0
inf 0.03 0.332258 1.39677 0.177419 0 0 0
inf 0.03 0.332258 1.39677 0.13871 0 0 0
inf 0.03 0.332258 1.39677 0.1 0 0 0
inf 0.03 0.303226 1.40968 1.3 0 0 0
inf 0.03 0.303226 1.40968 1.26129 0 0 0
inf 0.03 0.303226 1.40968 1.22258 0 0 0
inf 0.03 0.303226 1.40968 1.18387 0 0 0
inf 0.03 0.303226 1.40968 1.14516 0 0 0
inf 0.03 0.303226 1.40968 1.10645 0 0 0
inf 0.03 0.303226 1.40968 1.06774 0 0 0
inf 0.03 0.303226 1.40968 1.02903 0 0 0
inf 0.03 0.303226 1.40968 0.990323 0 0 0
inf 0.03 0.303226 1.40968 0.951613 0 0 0
inf 0.03 0.303226 1.40968 0.912903 0 0 0
inf 0.03 0.303226 1.40968 0.874194 0 0 0
inf 0.03 0.303226 1.40968 0.835484 0 0 0
inf 0.03 0.303226 1.40968 0.796774 0 0 0
inf 0.03 0.303226 1.40968 0.758065 0 0 0
inf 0.03 0.303226 1.40968 0.719355 0 0 0
inf 0.03 0.303226 1.40968 0.680645 0 0 0
inf 0.03 0.303226 1.40968 0.641935 0 0 0
inf 0.03 0.303226 1.40968 0.603226 0 0 0
inf 0.03 0.303226 1.40968 0.564516 0 0 0
inf 0.03 0.303226 1.40968 0.525806 0 0 0
inf 0.03 0.303226 1.40968 0.487097 0 0 0
inf 0.03 0.303226 1.40968 0.448387 0 0 0
inf 0.03 0.303226 1.40968 0.409677 0 0 0
inf 0.03 0.303226 1.40968 0.370968 0 0 0
inf 0.03 0.303226 1.40968 0.332258 0 0 0
inf 0.03 0.303226 1.40968 0.293548 0 0 0
inf 0.03 0.303226 1.40968 0.254839 0 0 0
inf 0.03 0.303226 1.40968 0.216129 0 0 0
inf 0.03 0.303226 1.40968 0.177419 0 0 0
inf 0.03 0.303226 1.40968 0.13871 0 0 0
inf 0.03 0.303226 1.40968 0.1 0 0 0
inf 0.03 0.274194 1.42258 1.3 0 0 0
inf 0.03 0.274194 1.42258 1.26129 0 0 0
inf 0.03 0.274194 1.42258 1.22258 0 0 0
inf 0.03 0.274194 1.42258 1.18387 0 0 0
inf 0.03 0.274194 1.42258 1.14516 0 0 0
inf 0.03 0.274194 1.42258 1.10645 0 0 0
inf 0.03 0.274194 1.42258 1.06774 0 0 0
inf 0.03 0.274194 1.42258 1.02903 0 0 0
inf 0.03 0.274194 1.42258 0.990323 0 0 0
inf 0.03 0.274194 1.42258 0.951613 0 0 0
inf 0.03 0.274194 1.42258 0.912903 0 0 0
inf 0.03 0.274194 1.42258 0.874194 0 0 0
inf 0.03 0.274194 1.42258 0.835484 0 0 0
inf 0.03 0.274194 1.42258 0.796774 0 0 0
inf 0.03 0.274194 1.42258 0.758065 0 0 0
inf 0.03 0.274194 1.42258 0.719355 0 0 0
inf 0.03 0.274194 1.42258 0.680645 0 0 0
inf 0.03 0.274194 1.42258 0.641935 0 0 0
inf 0.03 0.274194 1.42258 0.603226 0 0 0
inf 0.03 0.274194 1.42258 0.564516 0 0 0
inf 0.03 0.274194 1.42258 0.525806 0 0 0
inf 0.03 0.274194 1.42258 0.487097 0 0 0
inf 0.03 0.274194 1.42258 0.448387 0 0 0
inf 0.03 0.274194 1.42258 0.409677 0 0 0
inf 0.03 0.274194 1.42258 0.370968 0 0 0
inf 0.03 0.274194 1.42258 0.332258 0 0 0
inf 0.03 0.274194 1.42258 0.293548 0 0 0
inf 0.03 0.274194 1.42258 0.254839 0 0 0
inf 0.03 0.274194 1.42258 0.216129 0 0 0
inf 0.03 0.274194 1.42258 0.177419 0 0 0
inf 0.03 0.274194 1.42258 0.13871 0 0 0
inf 0.03 0.274194 1.42258 0.1 0 0 0
inf 0.03 0.245161 1.43548 1.3 0 0 0
inf 0.03 0.245161 1.43548 1.26129 0 0 0
inf 0.03 0.245161 1.43548 1.22258 0 0 0
inf 0.03 0.245161 1.43548 1.18387 0 0 0
inf 0.03 0.245161 1.43548 1.14516 0 0 0
inf 0.03 0.245161 1.43548 1.10645 0 0 0
inf 0.03 0.245161 1.43548 1.06774 0 0 0
inf 0.03 0.245161 1.43548 1.02903 0 0 0
inf 0.03 0.245161 1.43548 0.990323 0 0 0
inf 0.03 0.245161 1.43548 0.951613 0 0 0
inf 0.03 0.245161 1.43548 0.912903 0 0 0
inf 0.03 0.245161 1.43548 0.874194 0 0 0
inf 0.03 0.245161 1.43548 0.835484 0 0 0
inf 0.03 0.245161 1.43548 0.796774 0 0 0
inf 0.03 0.245161 1.43548 0.758065 0 0 0
inf 0.03 0.245161 1.43548 0.719355 0 0 0
inf 0.03 0.245161 1.43548 0.680645 0 0 0
inf 0.03 0.245161 1.43548 0.641935 0 0 0
inf 0.03 0.245161 1.43548 0.603226 0 0 0
inf 0.03 0.245161 1.43548 0.564516 0 0 0
inf 0.03 0.245161 1.43548 0.525806 0 0 0
inf 0.03 0.245161 1.43548 0.487097 0 0 0
inf 0.03 0.245161 1.43548 0.448387 0 0 0
inf 0.03 0.245161 1.43548 0.409677 0 0 0
inf 0.03 0.245161 1.43548 0.370968 0 0 0
inf 0.03 0.245161 1.43548 0.332258 0 0 0
inf 0.03 0.245161 1.43548 0.293548 0 0 0
inf 0.03 0.245161 1.43548 0.254839 0 0 0
inf 0.03 0.245161 1.43548 0.216129 0 0 0
inf 0.03 0.245161 1.43548 0.177419 0 0 0
inf 0.03 0.245161 1.43548 0.13871 0 0 0
inf 0.03 0.245161 1.43548 0.1 0 0 0
inf 0.03 0.216129 1.44839 1.3 0 0 0
inf 0.03 0.216129 1.44839 1.26129 0 0 0
inf 0.03 0.216129 1.44839 1.22258 0 0 0
inf 0.03 0.216129 1.44839 1.18387 0 0 0
inf 0.03 0.216129 1.44839 1.14516 0 0 0
inf 0.03 0.216129 1.44839 1.10645 0 0 0
inf 0.03 0.216129 1.44839 1.06774 0 0 0
inf 0.03 0.216129 1.44839 1.02903 0 0 0
inf 0.03 0.216129 1.44839 0.990323 0 0 0
inf 0.03 0.216129 1.44839 0.951613 0 0 0
inf 0.03 0.216129 1.44839 0.912903 0 0 0
inf 0.03 0.216129 1.44839 0.874194 0 0 0
inf 0.03 0.216129 1.44839 0.835484 0 0 0
inf 0.03 0.216129 1.44839 0.796774 0 0 0
inf 0.03 0.216129 1.44839 0.758065 0 0 0
inf 0.03 0.216129 1.44839 0.719355 0 0 0
inf 0.03 0.216129 1.44839 0.680645 0 0 0
inf 0.03 0.216129 1.44839 0.641935 0 0 0
inf 0.03 0.216129 1.44839 0.603226 0 0 0
inf 0.03 0.216129 1.44839 0.564516 0 0 0
inf 0.03 0.216129 1.44839 0.525806 0 0 0
inf 0.03 0.216129 1.44839 0.487097 0 0 0
inf 0.03 0.216129 1.44839 0.448387 0 0 0
inf 0.03 0.216129 1.44839 0.409677 0 0 0
inf 0.03 0.216129 1.44839 0.370968 0 0 0
inf 0.03 0.216129 1.44839 0.332258 0 0 0
inf 0.03 0.216129 1.44839 0.293548 0 0 0
inf 0.03 0.216129 1.44839 0.254839 0 0 0
inf 0.03 0.216129 1.44839 0.216129 0 0 0
inf 0.03 0.216129 1.44839 0.177419 0 0 0
inf 0.03 0.216129 1.44839 0.13871 0 0 0
inf 0.03 0.216129 1.44839 0.1 0 0 0
inf 0.03 0.187097 1.46129 1.3 0 0 0
inf 0.03 0.187097 1.46129 1.26129 0 0 0
inf 0.03 0.187097 1.46129 1.22258 0 0 0
inf 0.03 0.187097 1.46129 1.18387 0 0 0
inf 0.03 0.187097 1.46129 1.14516 0 0 0
inf 0.03 0.187097 1.46129 1.10645 0 0 0
inf 0.03 0.187097 1.46129 1.06774 0 0 0
inf 0.03 0.187097 1.46129 1.02903 0 0 0
inf 0.03 0.187097 1.46129 0.990323 0 0 0
inf 0.03 0.187097 1.46129 0.951613 0 0 0
inf 0.03 0.187097 1.46129 0.912903 0 0 0
inf 0.03 0.187097 1.46129 0.874194 0 0 0
inf 0.03 0.187097 1.46129 0.835484 0 0 0
inf 0.03 0.187097 1.46129 0.796774 0 0 0
inf 0.03 0.187097 1.46129 0.758065 0 0 0
inf 0.03 0.187097 1.46129 0.719355 0 0 0
inf 0.03 0.187097 1.46129 0.680645 0 0 0
inf 0.03 0.187097 1.46129 0.641935 0 0 0
inf 0.03 0.187097 1.46129 0.603226 0 0 0
inf 0.03 0.187097 1.46129 0.564516 0 0 0
inf 0.03 0.187097 1.46129 0.525806 0 0 0
inf 0.03 0.187097 1.46129 0.487097 0 0 0
inf 0.03 0.187097 1.46129 0.448387 0 0 0
inf 0.03 0.187097 1.46129 0.409677 0 0 0
inf 0.03 0.187097 1.46129 0.370968 0 0 0
inf 0.03 0.187097 1.46129 0.332258 0 0 0
inf 0.03 0.187097 1.46129 0.293548 0 0 0
inf 0.03 0.187097 1.46129 0.254839 0 0 0
inf 0.03 0.187097 1.46129 0.216129 0 0 0
inf 0.03 0.187097 1.46129 0.177419 0 0 0
inf 0.03 0.187097 1.46129 0.13871 0 0 0
inf 0.03 0.187097 1.46129 0.1 0 0 0
inf 0.03 0.158065 1.47419 1.3 0 0 0
inf 0.03 0.158065 1.47419 1.26129 0 0 0
inf 0.03 0.158065 1.47419 1.22258 0 0 0
inf 0.03 0.158065 1.47419 1.18387 0 0 0
inf 0.03 0.158065 1.47419 1.14516 0 0 0
inf 0.03 0.158065 1.47419 1.10645 0 0 0
inf 0.03 0.158065 1.47419 1.06774 0 0 0
inf 0.03 0.158065 1.47419 1.02903 0 0 0
inf 0.03 0.158065 1.47419 0.990323 0 0 0
inf 0.03 0.158065 1.47419 0.951613 0 0 0
inf 0.03 0.158065 1.47419 0.912903 0 0 0
inf 0.03 0.158065 1.47419 0.874194 0 0 0
inf 0.03 0.158065 1.47419 0.835484 0 0 0
inf 0.03 0.158065 1.47419 0.796774 0 0 0
inf 0.03 0.158065 1.47419 0.758065 0 0 0
inf 0.03 0.158065 1.47419 0.719355 0 0 0
inf 0.03 0.158065 1.47419 0.680645 0 0 0
inf 0.03 0.158065 1.47419 0.641935 0 0 0
inf 0.03 0.158065 1.47419 0.603226 0 0 0
inf 0.03 0.158065 1.47419 0.564516 0 0 0
inf 0.03 0.158065 1.47419 0.525806 0 0 0
inf 0.03 0.158065 1.47419 0.487097 0 0 0
inf 0.03 0.158065 1.47419 0.448387 0 0 0
inf 0.03 0.158065 1.47419 0.409677 0 0 0
inf 0.03 0.158065 1.47419 0.370968 0 0 0
inf 0.03 0.158065 1.47419 0.332258 0 0 0
inf 0.03 0.158065 1.47419 0.293548 0 0 0
inf 0.03 0.158065 1.47419 0.254839 0 0 0
inf 0.03 0.158065 1.47419 0.216129 0 0 0
inf 0.03 0.158065 1.47419 0.177419 0 0 0
inf 0.03 0.158065 1.47419 0.13871 0 0 0
inf 0.03 0.158065 1.47419 0.1 0 0 0
inf 0.03 0.129032 1.4871 1.3 0 0 0
inf 0.03 0.129032 1.4871 1.26129 0 0 0
inf 0.03 0.129032 1.4871 1.22258 0 0 0
inf 0.03 0.129032 1.4871 1.18387 0 0 0
inf 0.03 0.129032 1.4871 1.14516 0 0 0
inf 0.03 0.129032 1.4871 1.10645 0 0 0
inf 0.03 0.129032 1.4871 1.06774 0 0 0
inf 0.03 0.129032 1.4871 1.02903 0 0 0
inf 0.03 0.129032 1.4871 0.990323 0 0 0
inf 0.03 0.129032 1.4871 0.951613 0 0 0
inf 0.03 0.129032 1.4871 0.912903 0 0 0
inf 0.03 0.129032 1.4871 0.874194 0 0 0
inf 0.03 0.129032 1.4871 0.835484 0 0 0
inf 0.03 0.129032 1.4871 0.796774 0 0 0
inf 0.03 0.129032 1.4871 0.758065 0 0 0
inf 0.03 0.129032 1.4871 0.719355 0 0 0
inf 0.03 0.129032 1.4871 0.680645 0 0 0
inf 0.03 0.129032 1.4871 0.641935 0 0 0
inf 0.03 0.129032 1.4871 0.603226 0 0 0
inf 0.03 0.129032 1.4871 0.564516 0 0 0
inf 0.03 0.129032 1.4871 0.525806 0 0 0
inf 0.03 0.129032 1.4871 0.487097 0 0 0
inf 0.03 0.129032 1.4871 0.448387 0 0 0
inf 0.03 0.129032 1.4871 0.409677 0 0 0
inf 0.03 0.129032 1.4871 0.370968 0 0 0
inf 0.03 0.129032 1.4871 0.332258 0 0 0
inf 0.03 0.129032 1.4871 0.293548 0 0 0
inf 0.03 0.129032 1.4871 0.254839 0 0 0
inf 0.03 0.129032 1.4871 0.216129 0 0 0
inf 0.03 0.129032 1.4871 0.177419 0 0 0
inf 0.03 0.129032 1.4871 0.13871 0 0 0
inf 0.03 0.129032 1.4871 0.1 0 0 0
inf 0.03 0.1 1.5 1.3 0 0 0
inf 0.03 0.1 1.5 1.26129 0 0 0
inf 0.03 0.1 1.5 1.22258 0 0 0
inf 0.03 0.1 1.5 1.18387 0 0 0
inf 0.03 0.1 1.5 1.14516 0 0 0
inf 0.03 0.1 1.5 1.10645 0 0 0
inf 0.03 0.1 1.5 1.06774 0 0 0
inf 0.03 0.1 1.5 1.02903 0 0 0
inf 0.03 0.1 1.5 0.990323 0 0 0
inf 0.03 0.1 1.5 0.951613 0 0 0
inf 0.03 0.1 1.5 0.912903 0 0 0
inf 0.03 0.1 1.5 0.874194 0 0 0
inf 0.03 0.1 1.5 0.835484 0 0 0
inf 0.03 0.1 1.5 0.796774 0 0 0
inf 0.03 0.1 1.5 0.758065 0 0 0
inf 0.03 0.1 1.5 0.719355 0 0 0
inf 0.03 0.1 1.5 0.680645 0 0 0
inf 0.03 0.1 1.5 0.641935 0 0 0
inf 0.03 0.1 1.5 0.603226 0 0 0
inf 0.03 0.1 1.5 0.564516 0 0 0
inf 0.03 0.1 1.5 0.525806 0 0 0
inf 0.03 0.1 1.5 0.487097 0 0 0
inf 0.03 0.1 1.5 0.448387 0 0 0
inf 0.03 0.1 1.5 0.409677 0 0 0
inf 0.03 0.1 1.5 0.370968 0 0 0
inf 0.03 0.1 1.5 0.332258 0 0 0
inf 0.03 0.1 1.5 0.293548 0 0 0
inf 0.03 0.1 1.5 0.254839 0 0 0
inf 0.03 0.1 1.5 0.216129 0 0 0
inf 0.03 0.1 1.5 0.177419 0 0 0
inf 0.03 0.1 1.5 0.13871 0 0 0
inf 0.03 0.1 1.5 0.1 0 0 0
